# assets/MOT17-mini/train/MOT17-04-FRCNN/img1
1.000000 370.862457 406.015778 451.040497 643.632812 0.817168 0.000000
1.000000 1041.166504 134.156693 1108.285889 312.098053 0.756804 0.000000
1.000000 102.155479 550.224731 176.414856 793.877075 0.733474 0.000000
1.000000 1733.333862 456.746155 1808.739624 676.059265 0.722601 0.000000
1.000000 543.460571 141.895172 604.466309 326.126251 0.701083 0.000000
1.000000 1097.665527 980.821289 1171.473755 1080.000000 0.700516 0.000000
1.000000 790.327881 146.660309 853.005798 321.980103 0.685554 0.000000
1.000000 1103.939209 209.822845 1160.120605 387.335205 0.668166 0.000000
1.000000 1355.089600 570.288025 1465.033447 820.826111 0.651425 0.000000
1.000000 1792.489746 200.225830 1848.933472 390.554932 0.609321 0.000000
1.000000 1634.663818 260.473389 1701.262939 442.337769 0.599834 0.000000
1.000000 502.613983 132.479782 553.216309 302.033752 0.571969 0.000000
1.000000 274.222290 382.053040 327.536591 578.621887 0.477729 0.000000
1.000000 227.815750 397.370544 290.381226 598.671570 0.462263 0.000000
1.000000 879.899048 122.322830 934.158325 296.367004 0.461957 0.000000
1.000000 351.723755 101.850792 413.062225 277.624756 0.436899 0.000000
1.000000 0.081576 877.044983 43.347248 1078.971924 0.419632 0.000000
1.000000 888.226929 122.614746 961.423584 295.244080 0.417437 0.000000
1.000000 913.731628 130.983307 961.399109 293.904175 0.412136 0.000000
1.000000 1445.915039 249.648834 1509.072876 408.907562 0.334930 0.000000
1.000000 411.550140 89.690552 463.430786 255.522949 0.304395 0.000000
1.000000 1486.571533 70.647560 1539.118164 143.262665 0.297712 0.000000
1.000000 286.377594 116.059090 339.316040 287.747437 0.270218 0.000000
1.000000 685.965759 210.527527 755.081299 333.816742 0.250452 0.000000
1.000000 1416.644897 197.778900 1466.065430 344.523285 0.220890 0.000000
1.000000 251.522766 375.841553 326.789673 592.873352 0.167126 0.000000
1.000000 1510.667725 257.538025 1613.831543 425.636444 0.166044 0.000000
1.000000 462.880096 92.601265 513.639893 247.146729 0.164587 0.000000
1.000000 1334.715332 283.504150 1369.792480 326.206451 0.155695 0.000000
1.000000 1425.328491 249.491547 1508.355103 421.715759 0.144073 0.000000
1.000000 1105.837769 272.290100 1159.281982 387.019958 0.130841 0.000000
1.000000 1623.367920 550.026611 1731.548340 691.268921 0.101579 0.000000
1.000000 216.757187 100.663399 271.623169 281.690125 0.097449 0.000000
1.000000 1005.584595 0.000000 1035.496826 78.218933 0.090875 0.000000
1.000000 683.691162 207.500610 755.504822 383.493713 0.082879 0.000000
1.000000 1424.367188 323.875427 1469.067993 410.484070 0.073801 0.000000
1.000000 1351.985229 574.260498 1432.679077 793.207214 0.072926 0.000000
1.000000 364.570984 115.394943 413.995117 268.743103 0.072399 0.000000
1.000000 481.458252 42.007828 539.720764 151.044128 0.071706 0.000000
1.000000 709.785278 6.894447 757.789490 152.364868 0.071150 0.000000
1.000000 461.780182 79.344666 527.139648 251.279892 0.065983 0.000000
1.000000 240.975861 392.882172 290.591492 542.016479 0.061485 0.000000
1.000000 1421.268188 279.552887 1465.118652 401.089142 0.060601 0.000000
1.000000 1037.786743 1.268738 1086.398315 78.349579 0.060213 0.000000
1.000000 1543.171875 258.193268 1614.861328 425.628418 0.059667 0.000000
1.000000 631.850037 753.684998 678.910278 913.369080 0.057160 0.000000
1.000000 1330.512939 281.308502 1384.775635 359.383484 0.056670 0.000000
1.000000 229.201294 410.693848 287.751282 556.459900 0.054391 0.000000
1.000000 683.052368 249.689301 744.635254 406.364746 0.051077 0.000000
1.000000 474.855896 64.304108 538.566772 267.544617 0.048512 0.000000
1.000000 681.646240 279.266602 733.743652 407.409729 0.046454 0.000000
1.000000 469.953369 43.607414 538.779968 184.003189 0.039850 0.000000
1.000000 879.130737 122.702118 925.478760 243.454514 0.039738 0.000000
1.000000 1014.566162 2.932068 1052.848389 82.107193 0.039000 0.000000
1.000000 868.306396 125.921242 950.991333 298.344604 0.037974 0.000000
1.000000 258.551361 95.158081 296.362030 280.740875 0.037186 0.000000
1.000000 711.529785 792.273010 747.655029 841.822815 0.035870 0.000000
1.000000 1419.613159 241.890198 1470.430786 394.850555 0.035656 0.000000
1.000000 1235.546021 0.000000 1279.844727 83.221413 0.033593 0.000000
1.000000 1510.134521 257.487061 1617.750366 493.158417 0.033096 0.000000
1.000000 1280.566406 383.223572 1330.287964 424.071472 0.033059 0.000000
1.000000 488.884644 117.580811 550.056335 293.505615 0.031774 0.000000
1.000000 1433.780151 318.695007 1491.934326 422.564850 0.029963 0.000000
1.000000 474.131927 109.687111 513.739563 249.080322 0.029881 0.000000
1.000000 1424.060059 306.466064 1474.974487 406.217346 0.026906 0.000000
1.000000 200.915588 92.167580 288.123413 280.752289 0.026829 0.000000
1.000000 1534.401123 399.786438 1630.388306 608.997986 0.026815 0.000000
1.000000 1303.824707 382.488556 1362.454468 425.624908 0.025901 0.000000
1.000000 1024.928101 0.557053 1073.216675 80.447960 0.025296 0.000000
1.000000 1401.179688 586.854675 1456.526855 818.844543 0.024877 0.000000
1.000000 336.058868 97.171768 374.443634 269.302002 0.024506 0.000000
1.000000 656.313599 282.577942 731.657471 412.395630 0.024368 0.000000
1.000000 680.144165 309.910095 731.803589 411.907776 0.023403 0.000000
1.000000 1245.558472 158.170258 1457.362061 323.603119 0.023364 0.000000
1.000000 719.814026 784.196411 751.405640 838.449097 0.023175 0.000000
1.000000 1266.500977 131.650772 1304.499023 204.346207 0.023029 0.000000
1.000000 1291.074097 0.000000 1378.213989 183.369324 0.022882 0.000000
1.000000 923.518616 130.855438 959.503235 214.913498 0.022002 0.000000
1.000000 1562.895996 265.716370 1616.363159 424.954346 0.020731 0.000000
1.000000 1321.103760 383.920898 1391.493530 427.872986 0.020413 0.000000
1.000000 632.297974 743.126831 740.325623 935.955444 0.020253 0.000000
1.000000 1306.649170 351.418121 1402.303223 428.377533 0.020067 0.000000
1.000000 0.106009 508.794434 20.744871 721.427490 0.018983 0.000000
1.000000 1273.528320 132.700241 1302.754883 181.308792 0.018831 0.000000
1.000000 620.661987 278.460114 725.375732 412.374481 0.018661 0.000000
1.000000 1330.328247 282.799347 1401.072144 373.885254 0.017543 0.000000
1.000000 1423.899414 316.529022 1474.792847 456.485046 0.017438 0.000000
1.000000 634.502930 754.302734 679.604004 838.077515 0.016753 0.000000
1.000000 1622.109863 545.333008 1686.171143 651.461182 0.016357 0.000000
1.000000 1402.867554 570.934937 1491.678101 816.406311 0.015634 0.000000
1.000000 1423.646851 268.714478 1495.262695 436.260986 0.015078 0.000000
1.000000 419.840973 86.492844 459.291595 162.412140 0.014769 0.000000
1.000000 1409.890137 189.054337 1450.196045 247.647034 0.014471 0.000000
1.000000 622.222656 128.497604 720.974731 285.527618 0.014425 0.000000
1.000000 198.880402 104.396271 266.597321 276.385315 0.014218 0.000000
1.000000 1867.375488 251.164810 1900.708740 331.626099 0.014131 0.000000
1.000000 1265.582153 385.833801 1312.043457 425.412048 0.014120 0.000000
1.000000 1326.689453 323.492249 1392.519043 369.386536 0.013441 0.000000
1.000000 715.644897 30.860487 760.224548 151.486023 0.013057 0.000000
1.000000 1110.313477 209.183716 1157.337524 332.910278 0.013015 0.000000
1.000000 689.864502 1.839226 757.079590 149.640167 0.012622 0.000000
1.000000 1323.266357 308.000366 1378.132080 363.460938 0.011972 0.000000
1.000000 1876.784546 239.166183 1919.351440 389.028259 0.011355 0.000000
1.000000 1448.829346 249.558746 1509.219727 356.612549 0.010996 0.000000
1.000000 1330.999512 197.024872 1468.599609 409.609955 0.010911 0.000000
1.000000 1531.495117 542.046631 1726.437256 684.338623 0.010856 0.000000
1.000000 1627.655273 552.601257 1724.486938 661.648376 0.010585 0.000000
1.000000 333.501404 89.130936 366.119629 173.935684 0.010577 0.000000
1.000000 1901.496094 262.371338 1919.389893 391.624329 0.010532 0.000000
1.000000 696.806946 219.548813 762.904358 355.146118 0.010411 0.000000
1.000000 871.024902 131.618683 922.457275 267.470306 0.010122 0.000000
2.000000 371.434082 405.352570 452.088806 645.541504 0.820539 0.000000
2.000000 102.300865 550.278625 176.473236 793.659119 0.741029 0.000000
2.000000 1040.415161 132.914383 1109.130249 313.215515 0.735539 0.000000
2.000000 1731.847046 456.328857 1809.039185 676.898804 0.726862 0.000000
2.000000 542.373291 143.040207 604.122192 326.510986 0.722247 0.000000
2.000000 1101.198486 980.127686 1173.319702 1080.000000 0.715167 0.000000
2.000000 790.368896 146.665833 853.793701 321.303589 0.689359 0.000000
2.000000 1098.377686 209.253113 1157.834229 388.005524 0.658467 0.000000
2.000000 1793.260620 200.956604 1850.822754 388.960236 0.632752 0.000000
2.000000 1355.077759 570.627930 1466.896240 820.115234 0.630622 0.000000
2.000000 1630.969238 258.135345 1701.229004 447.035889 0.589337 0.000000
2.000000 264.075378 369.344788 324.980408 580.309021 0.496099 0.000000
2.000000 226.982803 401.617493 288.714905 596.881470 0.484625 0.000000
2.000000 500.792542 133.075348 552.132568 301.781372 0.478900 0.000000
2.000000 879.897583 126.434128 929.688721 294.574585 0.440060 0.000000
2.000000 353.714539 105.233673 413.424591 277.052979 0.438158 0.000000
2.000000 915.612854 131.662582 963.043030 294.253662 0.435163 0.000000
2.000000 0.092480 874.547607 41.504295 1078.690430 0.424972 0.000000
2.000000 1439.570435 249.646042 1507.533325 411.103271 0.386878 0.000000
2.000000 884.067261 125.177902 962.374146 296.409760 0.372158 0.000000
2.000000 1358.284424 569.490234 1440.821411 803.174438 0.357687 0.000000
2.000000 1486.088379 70.410393 1539.154175 144.352875 0.349149 0.000000
2.000000 285.579590 101.820488 339.956848 287.199402 0.275182 0.000000
2.000000 413.119995 92.229218 462.641052 254.611038 0.269425 0.000000
2.000000 686.295654 213.542786 755.646729 332.205475 0.221750 0.000000
2.000000 1334.115234 283.320190 1370.153320 325.570404 0.122141 0.000000
2.000000 712.146790 2.428122 758.725586 151.237518 0.108020 0.000000
2.000000 1416.253052 193.333054 1466.758545 346.799988 0.103942 0.000000
2.000000 214.751038 96.501343 271.868866 281.869812 0.102948 0.000000
2.000000 1418.473633 211.144135 1463.749023 371.154846 0.098409 0.000000
2.000000 1622.902222 549.597046 1731.052368 693.642700 0.096893 0.000000
2.000000 1102.782104 281.623810 1156.634521 388.155670 0.095026 0.000000
2.000000 1528.050049 254.515442 1616.681885 451.937164 0.083590 0.000000
2.000000 461.714264 91.701324 513.413208 244.833023 0.067612 0.000000
2.000000 234.081802 368.458923 324.892029 591.905762 0.067499 0.000000
2.000000 1420.316162 244.639297 1496.767822 407.584656 0.062259 0.000000
2.000000 483.394409 42.391983 539.570984 154.075714 0.061883 0.000000
2.000000 1420.777344 260.114777 1465.922119 400.765869 0.060783 0.000000
2.000000 244.987152 386.240601 290.027527 547.005127 0.058499 0.000000
2.000000 631.655762 755.626465 679.151917 914.213928 0.057721 0.000000
2.000000 1330.083984 281.199005 1385.278198 361.519684 0.054896 0.000000
2.000000 904.254395 127.773056 954.620483 297.040009 0.054124 0.000000
2.000000 1004.125732 0.000000 1031.636108 78.117783 0.047317 0.000000
2.000000 922.498291 132.892838 964.234619 247.204468 0.046753 0.000000
2.000000 471.548767 43.124779 540.312561 178.178650 0.044471 0.000000
2.000000 878.657959 124.690041 923.886841 258.222687 0.043435 0.000000
2.000000 1423.207031 320.601776 1466.446655 406.501648 0.042095 0.000000
2.000000 1038.641235 1.355083 1087.327515 77.627335 0.039986 0.000000
2.000000 677.292725 277.478302 733.549561 406.879211 0.035081 0.000000
2.000000 198.757477 91.831009 285.239166 281.318665 0.034730 0.000000
2.000000 1232.281006 0.000000 1280.094238 91.128639 0.033628 0.000000
2.000000 682.906494 257.448303 743.067078 404.868988 0.032532 0.000000
2.000000 461.643585 64.054321 529.241821 230.360275 0.031704 0.000000
2.000000 711.733887 791.870911 747.685913 840.577332 0.031433 0.000000
2.000000 259.363159 94.122070 297.593262 280.748352 0.031294 0.000000
2.000000 1258.721436 133.202881 1304.050903 247.371597 0.030750 0.000000
2.000000 1014.294983 2.483253 1081.074951 81.757034 0.030746 0.000000
2.000000 470.995239 42.716011 542.117798 252.973755 0.030230 0.000000
2.000000 1508.969482 256.543945 1618.927246 505.219299 0.029538 0.000000
2.000000 1239.789551 0.343803 1282.179932 77.125420 0.029115 0.000000
2.000000 867.608826 127.369034 947.563293 295.686127 0.025940 0.000000
2.000000 1203.180420 40.215721 1274.257690 146.332260 0.025911 0.000000
2.000000 923.256592 132.245422 962.408569 214.850967 0.025449 0.000000
2.000000 1289.271606 0.000000 1377.988770 187.046585 0.024722 0.000000
2.000000 1249.157715 158.790848 1464.389404 361.185059 0.024681 0.000000
2.000000 1421.323486 313.669983 1465.244873 431.114441 0.024306 0.000000
2.000000 276.767578 95.670662 330.650269 283.367859 0.023592 0.000000
2.000000 1543.148193 258.076599 1615.122559 420.100616 0.023266 0.000000
2.000000 0.104296 508.914368 20.478909 720.763184 0.022982 0.000000
2.000000 482.985901 82.338593 548.540039 282.985199 0.022844 0.000000
2.000000 1281.226562 382.782471 1331.546753 424.032410 0.022759 0.000000
2.000000 1901.793945 252.069992 1919.324463 392.637360 0.022603 0.000000
2.000000 335.596252 99.188782 371.725250 264.138611 0.022344 0.000000
2.000000 634.474243 755.022583 680.433594 837.583008 0.022325 0.000000
2.000000 1330.890137 184.432068 1466.625854 407.674805 0.021936 0.000000
2.000000 1402.529419 566.482300 1493.687500 816.278687 0.020987 0.000000
2.000000 1620.936401 543.236450 1686.623657 653.383484 0.020935 0.000000
2.000000 631.905396 745.333191 733.343079 932.273071 0.020715 0.000000
2.000000 1423.734375 317.963470 1478.657593 422.884552 0.020588 0.000000
2.000000 683.486145 210.170837 755.246460 404.097382 0.019810 0.000000
2.000000 1323.726196 384.289032 1391.586914 427.846161 0.019745 0.000000
2.000000 1401.718262 609.810303 1455.849121 818.528198 0.019733 0.000000
2.000000 1304.197021 382.191895 1365.046631 425.862427 0.019619 0.000000
2.000000 652.372375 282.006958 731.612366 413.332397 0.019298 0.000000
2.000000 1311.772705 350.970886 1402.887695 428.563568 0.017522 0.000000
2.000000 1535.136841 398.957886 1630.980103 605.469360 0.016747 0.000000
2.000000 679.571411 308.678741 731.816650 412.608948 0.016472 0.000000
2.000000 624.094299 129.782883 721.151733 285.009430 0.014853 0.000000
2.000000 688.566711 0.944521 758.072266 149.197845 0.014506 0.000000
2.000000 1272.456665 134.266937 1302.562866 181.324402 0.014361 0.000000
2.000000 420.231201 86.979332 459.609131 165.387329 0.014152 0.000000
2.000000 716.920166 781.255920 751.823730 837.782410 0.013120 0.000000
2.000000 1214.005493 56.962677 1274.390503 144.231506 0.013019 0.000000
2.000000 1327.611816 284.612732 1396.877563 376.090485 0.012983 0.000000
2.000000 1446.122559 251.549881 1507.680420 365.157074 0.012600 0.000000
2.000000 1867.490967 251.012833 1900.077637 330.191406 0.012125 0.000000
2.000000 1432.801880 296.875854 1494.803589 420.059143 0.012096 0.000000
2.000000 1311.487061 139.389008 1358.251831 201.274704 0.012087 0.000000
2.000000 699.147766 216.562180 763.699585 358.041748 0.011856 0.000000
2.000000 1006.962646 0.000000 1041.299805 79.321289 0.011801 0.000000
2.000000 1525.316650 539.176575 1722.758423 680.603577 0.011633 0.000000
2.000000 1620.022705 536.073242 1664.711426 634.185913 0.011561 0.000000
2.000000 1327.334961 324.409698 1392.296631 369.222565 0.011532 0.000000
2.000000 869.951294 130.754303 918.425171 270.922607 0.011524 0.000000
2.000000 1323.857422 310.331055 1377.733398 363.960327 0.011324 0.000000
2.000000 1319.862305 136.393158 1348.182129 196.071579 0.011163 0.000000
2.000000 1101.942993 207.166992 1153.421631 311.277740 0.011152 0.000000
2.000000 333.811523 92.579315 364.579468 174.458221 0.010475 0.000000
2.000000 0.000000 875.964294 32.379097 1054.947998 0.010052 0.000000
3.000000 372.075195 405.658997 452.534088 648.215515 0.823257 0.000000
3.000000 101.279816 550.798279 179.081055 793.781799 0.740665 0.000000
3.000000 1730.520630 457.650513 1806.184204 672.185303 0.712810 0.000000
3.000000 543.070984 142.337982 605.249329 328.091370 0.694853 0.000000
3.000000 1089.804443 208.525223 1153.982178 387.763306 0.692255 0.000000
3.000000 1044.136719 132.548019 1109.277588 309.666779 0.668763 0.000000
3.000000 1104.525146 979.381592 1178.307495 1080.000000 0.667483 0.000000
3.000000 789.721619 146.006775 853.234314 321.231567 0.666380 0.000000
3.000000 1355.195557 570.385376 1464.710693 820.609131 0.649819 0.000000
3.000000 1796.700073 202.765411 1851.037720 387.879028 0.617701 0.000000
3.000000 1628.719116 257.901276 1698.292603 450.720703 0.612693 0.000000
3.000000 497.323059 131.530045 552.854919 300.449524 0.515264 0.000000
3.000000 259.372375 365.669495 323.626465 573.006409 0.492782 0.000000
3.000000 881.587280 126.783394 932.322510 294.474579 0.475733 0.000000
3.000000 225.836578 401.647980 296.355774 599.058228 0.466269 0.000000
3.000000 918.970093 134.220795 964.274414 293.852112 0.463238 0.000000
3.000000 1436.161377 247.910065 1505.504883 418.454681 0.438768 0.000000
3.000000 352.604431 101.535294 413.351013 277.504761 0.435192 0.000000
3.000000 0.128294 873.512451 41.691376 1078.751465 0.401990 0.000000
3.000000 1485.878540 70.681984 1539.496948 144.163544 0.300621 0.000000
3.000000 412.552734 90.345177 462.266510 254.942902 0.277326 0.000000
3.000000 286.112976 102.644714 340.331970 288.039673 0.274547 0.000000
3.000000 887.717468 128.310104 961.983582 295.908386 0.256267 0.000000
3.000000 686.133057 214.703888 754.877441 334.849457 0.161250 0.000000
3.000000 213.773941 92.644638 271.653259 282.117920 0.128799 0.000000
3.000000 1509.644775 257.020142 1613.706055 428.987854 0.122574 0.000000
3.000000 1334.913940 284.574585 1370.140503 325.539093 0.114983 0.000000
3.000000 1415.139893 194.108917 1463.606445 342.137604 0.113198 0.000000
3.000000 239.209625 373.554993 323.295959 594.760376 0.097814 0.000000
3.000000 713.532715 2.756287 758.043274 150.615280 0.086168 0.000000
3.000000 1623.270508 550.627686 1731.080811 691.353699 0.083103 0.000000
3.000000 1418.143433 257.901764 1460.466797 356.709778 0.075148 0.000000
3.000000 1419.626953 268.886414 1462.691895 404.916321 0.074319 0.000000
3.000000 275.970764 379.166748 324.408936 576.525696 0.069670 0.000000
3.000000 1352.237427 574.445435 1432.668335 792.285461 0.068100 0.000000
3.000000 247.716202 375.618805 291.946411 534.192871 0.067433 0.000000
3.000000 684.062012 213.404984 756.243408 378.418213 0.066541 0.000000
3.000000 1453.064697 255.018997 1499.619629 418.504944 0.060218 0.000000
3.000000 1330.153931 282.456543 1384.738770 361.304321 0.058821 0.000000
3.000000 1005.233459 0.000000 1032.252930 76.880424 0.058043 0.000000
3.000000 479.017761 41.421959 540.039856 154.761597 0.057908 0.000000
3.000000 868.773560 128.559875 942.849609 296.900085 0.052583 0.000000
3.000000 1508.322876 256.263336 1617.628052 501.652405 0.042780 0.000000
3.000000 1035.587769 1.414719 1087.416138 77.320839 0.041256 0.000000
3.000000 893.198486 129.234146 941.634399 296.568329 0.039756 0.000000
3.000000 258.089661 93.901855 297.612610 280.261292 0.039173 0.000000
3.000000 198.271332 91.550468 285.498993 281.304169 0.038385 0.000000
3.000000 1013.401794 2.243465 1085.911743 81.308990 0.037664 0.000000
3.000000 678.597229 277.364014 734.175720 407.663727 0.037104 0.000000
3.000000 1535.124756 406.114380 1631.917236 610.430054 0.036349 0.000000
3.000000 712.340942 791.468628 749.532959 839.664917 0.034870 0.000000
3.000000 1291.834839 0.000000 1379.160767 186.592224 0.034354 0.000000
3.000000 879.286255 125.743378 925.894165 259.343445 0.033823 0.000000
3.000000 1420.541992 312.322968 1464.695557 426.046875 0.032806 0.000000
3.000000 1402.692627 641.718262 1457.426025 818.713501 0.032291 0.000000
3.000000 1259.458740 133.451584 1304.493896 242.867065 0.030823 0.000000
3.000000 1239.415771 0.007493 1281.546021 75.829529 0.028207 0.000000
3.000000 630.911011 762.108398 677.975586 914.119629 0.028162 0.000000
3.000000 334.974609 99.367950 370.471893 264.474365 0.027616 0.000000
3.000000 1228.801636 0.000000 1278.295044 129.796249 0.027000 0.000000
3.000000 1403.558716 569.314087 1492.469971 816.998779 0.024875 0.000000
3.000000 1902.020752 262.488739 1919.385986 392.475586 0.024521 0.000000
3.000000 1205.223022 40.877289 1274.062744 145.358826 0.024371 0.000000
3.000000 1285.036133 383.945251 1330.332275 423.247192 0.024165 0.000000
3.000000 461.827423 58.975113 528.461670 173.827148 0.022865 0.000000
3.000000 684.407288 205.833344 752.427917 304.720551 0.022719 0.000000
3.000000 1310.666382 383.577209 1359.394775 425.684509 0.022270 0.000000
3.000000 1245.958252 158.947632 1458.885254 342.633179 0.022209 0.000000
3.000000 923.473938 133.850372 962.115417 216.074890 0.021392 0.000000
3.000000 1325.814331 384.350922 1390.826904 427.888824 0.021254 0.000000
3.000000 1446.402100 249.403885 1506.474609 388.299072 0.021243 0.000000
3.000000 0.095017 509.899750 20.379341 721.720337 0.021200 0.000000
3.000000 473.529510 41.671814 543.932190 231.746857 0.021077 0.000000
3.000000 700.396179 778.609009 751.833801 836.884155 0.020918 0.000000
3.000000 634.785278 754.219299 680.397400 837.103821 0.020024 0.000000
3.000000 1402.690063 573.041260 1461.424805 818.789917 0.019504 0.000000
3.000000 460.248688 93.890778 511.989532 248.801010 0.019186 0.000000
3.000000 277.799500 96.819374 329.051910 283.210083 0.019032 0.000000
3.000000 1330.121704 187.431519 1467.707520 411.786072 0.018310 0.000000
3.000000 1409.598389 188.274857 1449.479004 246.883804 0.018016 0.000000
3.000000 1622.139771 545.853516 1683.258911 645.653870 0.017538 0.000000
3.000000 628.878845 754.021240 692.307495 885.190918 0.017135 0.000000
3.000000 1315.654053 354.287201 1403.689209 428.666473 0.016661 0.000000
3.000000 655.122986 282.762573 732.443115 413.470764 0.016660 0.000000
3.000000 679.781982 315.027954 732.106201 412.085938 0.015597 0.000000
3.000000 682.726929 255.623749 744.388367 407.110535 0.015579 0.000000
3.000000 1008.873962 0.444511 1042.564453 78.542793 0.015501 0.000000
3.000000 1271.833862 135.014191 1303.094727 181.630600 0.015409 0.000000
3.000000 632.383179 743.533630 743.524414 927.654236 0.015398 0.000000
3.000000 868.627808 131.610413 922.532227 269.920563 0.014766 0.000000
3.000000 421.040222 86.114616 459.577332 162.615570 0.013245 0.000000
3.000000 1327.400879 286.203369 1397.050293 376.761383 0.012685 0.000000
3.000000 1214.876343 67.574707 1274.230103 142.980240 0.012308 0.000000
3.000000 623.684082 129.666779 721.545166 285.117279 0.012265 0.000000
3.000000 1867.228760 251.526978 1900.287109 330.057343 0.011817 0.000000
3.000000 1629.297363 552.331604 1724.360596 660.395325 0.011678 0.000000
3.000000 333.456970 91.571022 364.887207 175.025726 0.011561 0.000000
3.000000 1046.230225 132.920105 1102.349487 213.497040 0.011453 0.000000
3.000000 1326.771484 323.632629 1391.130981 368.849731 0.011196 0.000000
3.000000 687.928223 1.133629 752.819214 148.610352 0.011096 0.000000
3.000000 373.277283 96.000229 416.002502 261.828186 0.010935 0.000000
3.000000 1506.176514 567.422485 1539.704834 600.909485 0.010575 0.000000
3.000000 1323.580200 316.379425 1378.284790 363.985107 0.010357 0.000000
3.000000 1556.027344 265.180359 1614.246826 422.248047 0.010258 0.000000
3.000000 1506.852173 541.637024 1734.372070 680.556091 0.010041 0.000000
4.000000 371.737518 405.597290 451.950989 647.744629 0.861839 0.000000
4.000000 102.466026 549.577026 176.536407 794.831665 0.749628 0.000000
4.000000 1729.873901 456.681152 1805.699341 667.225159 0.743320 0.000000
4.000000 1083.832397 216.091965 1152.024902 385.980286 0.702852 0.000000
4.000000 1107.286133 978.147766 1180.408203 1080.000000 0.685428 0.000000
4.000000 789.980591 145.917084 853.901489 321.377441 0.674377 0.000000
4.000000 1628.268799 258.891693 1693.534180 446.174561 0.659375 0.000000
4.000000 1796.661255 200.545532 1852.451294 388.019257 0.636576 0.000000
4.000000 543.514160 143.577988 602.547363 328.135315 0.636571 0.000000
4.000000 1355.841064 569.773132 1470.114624 820.857422 0.630616 0.000000
4.000000 1043.463257 133.949295 1108.277588 298.818909 0.586795 0.000000
4.000000 495.678040 129.506302 553.961243 301.312225 0.535854 0.000000
4.000000 882.837708 128.984161 935.282410 295.387024 0.511223 0.000000
4.000000 223.897430 401.192596 310.960327 598.248901 0.488563 0.000000
4.000000 262.190033 364.970215 321.436462 566.894653 0.487787 0.000000
4.000000 0.121316 872.243774 42.320267 1079.271606 0.476070 0.000000
4.000000 1356.250122 570.783142 1439.021851 801.194458 0.446767 0.000000
4.000000 350.631683 100.697906 413.112122 277.256409 0.438186 0.000000
4.000000 921.632446 135.206879 964.185425 293.398651 0.419660 0.000000
4.000000 1433.396973 247.588394 1504.148682 417.520813 0.361902 0.000000
4.000000 1486.108521 70.456009 1539.998657 144.005814 0.309430 0.000000
4.000000 287.097931 104.565880 340.209686 287.361481 0.290755 0.000000
4.000000 414.742310 89.860062 462.781677 254.152313 0.273402 0.000000
4.000000 907.404663 129.662354 963.561279 300.419617 0.179477 0.000000
4.000000 686.023071 211.217972 755.766846 324.638306 0.177936 0.000000
4.000000 1510.434082 257.220612 1612.862915 429.069122 0.176596 0.000000
4.000000 214.115265 94.410118 270.988983 281.426086 0.167490 0.000000
4.000000 1413.416260 192.006546 1462.227783 337.153931 0.158338 0.000000
4.000000 1335.068115 284.649719 1370.390991 326.042908 0.146346 0.000000
4.000000 712.085144 1.847374 758.085510 150.607666 0.123232 0.000000
4.000000 223.040359 405.584473 287.224060 584.307129 0.121660 0.000000
4.000000 233.003677 364.584045 320.568420 592.317627 0.107609 0.000000
4.000000 1623.808350 549.471497 1730.523682 695.297974 0.107096 0.000000
4.000000 1450.745850 256.994293 1498.784424 417.677979 0.091392 0.000000
4.000000 465.911987 41.423676 539.223572 170.273041 0.075956 0.000000
4.000000 1005.438354 0.000000 1033.026123 75.892456 0.073848 0.000000
4.000000 363.486694 114.370178 413.244598 268.495667 0.068175 0.000000
4.000000 1418.676514 272.745911 1461.415527 402.520386 0.065146 0.000000
4.000000 258.598755 95.034988 296.865845 278.342224 0.063236 0.000000
4.000000 629.909363 759.560669 678.079102 915.287659 0.056158 0.000000
4.000000 1330.863770 282.455566 1386.411865 362.103607 0.056082 0.000000
4.000000 1037.646729 1.961583 1088.376831 78.246277 0.053779 0.000000
4.000000 1013.506897 0.702121 1088.765137 80.236588 0.053690 0.000000
4.000000 923.538574 134.845184 964.956299 246.913376 0.053542 0.000000
4.000000 1416.412109 266.658844 1457.446045 340.629578 0.052496 0.000000
4.000000 1046.234619 204.119476 1104.228149 310.923798 0.052253 0.000000
4.000000 868.869873 129.847870 943.714417 298.601501 0.051624 0.000000
4.000000 1418.988892 310.725403 1463.461792 426.299377 0.046675 0.000000
4.000000 1262.536865 131.783875 1304.633301 235.715195 0.044329 0.000000
4.000000 196.134155 91.714073 284.797302 280.042572 0.039211 0.000000
4.000000 1291.810913 0.000000 1378.120239 182.282410 0.038948 0.000000
4.000000 470.654938 41.698723 544.112061 219.493652 0.038918 0.000000
4.000000 672.765015 276.177673 734.348145 407.732056 0.036693 0.000000
4.000000 683.845459 210.228333 754.401123 375.200043 0.035862 0.000000
4.000000 1901.531616 255.424530 1919.382202 390.902802 0.032738 0.000000
4.000000 1211.058960 44.704674 1274.169189 145.188263 0.031397 0.000000
4.000000 1245.321045 160.752136 1455.149048 334.136261 0.031375 0.000000
4.000000 1545.893799 258.419220 1612.934570 426.359863 0.031304 0.000000
4.000000 333.662231 89.599808 378.926758 275.883087 0.031100 0.000000
4.000000 712.757812 791.865112 747.911499 840.444336 0.030979 0.000000
4.000000 1046.517700 132.826080 1104.960205 214.160889 0.030305 0.000000
4.000000 881.879028 127.431168 928.506348 256.750305 0.030229 0.000000
4.000000 1238.780029 0.000000 1281.896973 75.553391 0.029484 0.000000
4.000000 923.855896 133.398315 962.772766 216.832336 0.029073 0.000000
4.000000 622.529968 129.526947 721.108826 284.762268 0.028057 0.000000
4.000000 1326.940918 385.087189 1388.701050 428.342560 0.026814 0.000000
4.000000 1228.037598 0.000000 1278.789551 129.432449 0.026608 0.000000
4.000000 1248.472900 169.009689 1307.160400 264.695496 0.025840 0.000000
4.000000 1271.627197 133.733032 1302.903442 181.327454 0.024141 0.000000
4.000000 634.326843 754.329529 680.003784 837.997375 0.023873 0.000000
4.000000 0.090556 506.894348 21.080379 720.635376 0.023196 0.000000
4.000000 1535.010498 409.560791 1629.596924 606.762817 0.023085 0.000000
4.000000 1284.907227 384.429382 1330.941040 424.110809 0.022925 0.000000
4.000000 721.373840 783.399658 750.785156 837.265381 0.022830 0.000000
4.000000 1880.184326 241.412476 1919.361572 389.697418 0.022393 0.000000
4.000000 504.433685 134.937302 569.848877 317.737518 0.022155 0.000000
4.000000 1312.339966 383.450317 1365.515625 426.473145 0.021977 0.000000
4.000000 1408.716553 186.499420 1451.411255 266.294586 0.021806 0.000000
4.000000 680.365601 306.921631 731.872437 411.580139 0.020765 0.000000
4.000000 1402.593018 622.670288 1455.770142 818.867615 0.020558 0.000000
4.000000 1328.684082 174.085464 1461.716797 379.582275 0.020227 0.000000
4.000000 631.692566 743.400513 732.364990 933.149414 0.018635 0.000000
4.000000 277.994659 97.275208 329.551392 282.005005 0.018558 0.000000
4.000000 1319.766724 363.805573 1402.181030 429.104645 0.017724 0.000000
4.000000 1415.510498 231.178802 1466.267456 362.455994 0.017000 0.000000
4.000000 1443.203979 252.124237 1506.729492 377.069275 0.016650 0.000000
4.000000 422.547455 85.886810 459.933563 163.788162 0.016616 0.000000
4.000000 1007.723999 0.000000 1048.270996 77.748993 0.016545 0.000000
4.000000 1623.012817 544.748657 1687.048462 648.185120 0.015958 0.000000
4.000000 497.212524 129.850479 554.333374 253.106918 0.015826 0.000000
4.000000 1328.730591 286.274536 1397.119385 374.687347 0.015575 0.000000
4.000000 652.874634 280.388428 732.136047 413.669189 0.015391 0.000000
4.000000 689.361938 0.832970 753.595215 148.522568 0.015227 0.000000
4.000000 331.826691 91.321907 365.390930 175.088974 0.015133 0.000000
4.000000 1310.283691 138.470245 1358.253174 200.261765 0.013998 0.000000
4.000000 1355.511475 580.210510 1430.007202 713.457642 0.013940 0.000000
4.000000 1456.011475 311.720337 1494.460693 417.954224 0.013601 0.000000
4.000000 1402.975464 569.698242 1488.918579 816.434692 0.013503 0.000000
4.000000 539.081726 50.957199 584.538940 163.387634 0.013482 0.000000
4.000000 1860.624023 240.083588 1919.101318 391.672028 0.013014 0.000000
4.000000 1318.423462 136.243439 1347.081299 192.507141 0.012824 0.000000
4.000000 1079.919312 210.178482 1138.194336 324.536987 0.011893 0.000000
4.000000 1867.396362 251.303345 1900.356812 330.716064 0.011582 0.000000
4.000000 1536.861328 254.556015 1615.167480 475.040649 0.011424 0.000000
4.000000 548.608826 149.909622 603.181335 250.370453 0.011327 0.000000
4.000000 1327.326538 323.813660 1391.518188 368.624573 0.011251 0.000000
4.000000 1867.591553 250.620895 1915.040771 356.054901 0.011186 0.000000
4.000000 481.727051 40.472546 534.983459 148.806320 0.010907 0.000000
4.000000 198.575272 96.616699 263.387573 273.575867 0.010907 0.000000
4.000000 1221.168457 81.979355 1273.233032 140.664978 0.010776 0.000000
4.000000 1323.682617 315.338257 1379.309082 364.617279 0.010399 0.000000
4.000000 667.244263 165.616913 750.358154 302.485535 0.010224 0.000000
4.000000 1264.752197 136.686844 1334.884155 233.852966 0.010099 0.000000
5.000000 373.063934 405.518555 452.768738 647.302185 0.854033 0.000000
5.000000 102.453209 548.914551 176.058807 795.019531 0.745627 0.000000
5.000000 1727.784302 457.015228 1805.326538 670.521729 0.741720 0.000000
5.000000 1074.936401 215.278656 1150.417236 385.913910 0.731851 0.000000
5.000000 542.880615 145.263016 602.993774 329.028534 0.704001 0.000000
5.000000 789.335449 146.357559 854.158813 322.764038 0.692707 0.000000
5.000000 1110.576782 977.243591 1184.014160 1080.000000 0.677168 0.000000
5.000000 1795.739014 201.193222 1853.956299 388.724243 0.639527 0.000000
5.000000 1627.281006 259.883606 1692.146118 445.472351 0.635869 0.000000
5.000000 1355.772827 570.267151 1470.175171 819.410645 0.595115 0.000000
5.000000 1044.375366 131.894684 1107.942627 304.098236 0.545839 0.000000
5.000000 219.145569 398.802704 316.069397 595.839722 0.529989 0.000000
5.000000 495.592834 131.213898 553.579590 301.487793 0.525734 0.000000
5.000000 882.643066 129.051773 935.490601 297.424530 0.518937 0.000000
5.000000 0.120277 870.043762 43.166481 1079.359619 0.481335 0.000000
5.000000 1441.088745 246.841232 1500.885010 417.348907 0.459638 0.000000
5.000000 1357.045166 570.973206 1437.745605 799.333008 0.458533 0.000000
5.000000 350.627686 100.465782 412.077454 277.274994 0.453200 0.000000
5.000000 921.932495 136.570099 965.290161 292.630219 0.449267 0.000000
5.000000 261.485138 363.700104 318.524963 562.393250 0.437475 0.000000
5.000000 414.945465 87.118401 464.034027 255.652710 0.334372 0.000000
5.000000 1485.910034 70.608467 1540.090820 143.458862 0.334168 0.000000
5.000000 287.033447 106.116974 339.680389 287.687195 0.320021 0.000000
5.000000 1511.956177 255.988358 1612.056152 426.739197 0.206262 0.000000
5.000000 686.246460 212.090271 755.640259 336.536560 0.174709 0.000000
5.000000 214.995758 94.756874 270.924591 282.370300 0.165343 0.000000
5.000000 220.768936 405.346893 282.803558 520.629028 0.135133 0.000000
5.000000 233.911423 362.805542 318.396729 586.109070 0.107984 0.000000
5.000000 1334.694580 284.146606 1370.108276 325.483948 0.095414 0.000000
5.000000 711.425537 2.298843 758.113403 150.765701 0.093610 0.000000
5.000000 1417.727905 273.907227 1457.817139 405.027466 0.091682 0.000000
5.000000 363.396179 113.575806 412.514923 268.969238 0.088675 0.000000
5.000000 463.665649 38.564377 539.515259 160.962555 0.084317 0.000000
5.000000 1419.245728 305.349243 1459.067139 409.237152 0.073153 0.000000
5.000000 1412.487061 195.483719 1457.892090 336.645203 0.072381 0.000000
5.000000 1007.093140 0.000000 1035.931396 74.222008 0.070515 0.000000
5.000000 1623.792480 551.103271 1730.936279 692.377319 0.067272 0.000000
5.000000 257.054077 96.093773 295.575165 279.207611 0.066146 0.000000
5.000000 683.588562 210.567444 754.630005 383.788239 0.065973 0.000000
5.000000 333.515625 89.079048 380.112671 277.352722 0.057180 0.000000
5.000000 866.474121 130.949310 942.146118 296.702240 0.054608 0.000000
5.000000 1551.476562 258.013916 1611.735840 422.536987 0.053413 0.000000
5.000000 1419.426025 247.947830 1469.619385 412.694214 0.052616 0.000000
5.000000 1045.064697 207.803253 1106.457520 307.367584 0.050691 0.000000
5.000000 682.290100 234.176651 744.286621 405.863800 0.049498 0.000000
5.000000 469.843445 40.534492 542.498535 231.545883 0.049072 0.000000
5.000000 1045.345581 134.412369 1105.694336 214.135757 0.046644 0.000000
5.000000 1330.073853 281.432495 1385.855957 362.968079 0.045420 0.000000
5.000000 680.078247 277.812927 734.107178 407.075409 0.041122 0.000000
5.000000 198.108902 92.616745 286.728638 280.940918 0.039920 0.000000
5.000000 1208.974487 39.931789 1274.090820 144.393250 0.036502 0.000000
5.000000 1415.519043 273.879272 1452.400146 342.238770 0.035205 0.000000
5.000000 1227.202393 0.000000 1278.576904 139.498764 0.033416 0.000000
5.000000 1246.633667 158.302460 1450.243286 324.635284 0.031437 0.000000
5.000000 1534.937256 411.846741 1631.223633 607.066284 0.030266 0.000000
5.000000 1009.491028 2.488658 1088.164795 79.988091 0.029816 0.000000
5.000000 898.162964 131.116684 940.892334 297.191803 0.029650 0.000000
5.000000 1238.457397 0.000000 1281.993042 73.995781 0.028289 0.000000
5.000000 712.719971 791.975220 747.334106 839.729248 0.026709 0.000000
5.000000 1900.491455 256.881653 1919.370605 389.679260 0.026206 0.000000
5.000000 1260.709473 133.270477 1304.563965 237.646774 0.025952 0.000000
5.000000 881.407471 128.592484 930.293701 250.875824 0.025916 0.000000
5.000000 0.070928 506.644348 20.581003 721.552490 0.025887 0.000000
5.000000 622.253174 129.927368 721.052673 283.525574 0.025107 0.000000
5.000000 1285.225098 0.000000 1378.471924 181.188126 0.024394 0.000000
5.000000 1401.666138 567.292603 1492.680176 816.483154 0.023934 0.000000
5.000000 1033.988892 2.103278 1088.505981 74.334305 0.023543 0.000000
5.000000 1285.653809 384.160034 1331.410400 423.722717 0.023382 0.000000
5.000000 924.326172 134.746674 964.311157 223.666443 0.022822 0.000000
5.000000 1307.298950 382.918304 1362.575195 425.793915 0.021209 0.000000
5.000000 1325.645020 384.582458 1390.281250 427.932495 0.021194 0.000000
5.000000 1401.261108 602.966064 1454.600098 818.416138 0.019974 0.000000
5.000000 253.019226 432.790100 318.502655 584.192749 0.019304 0.000000
5.000000 1354.977417 579.180420 1430.049805 710.901001 0.018836 0.000000
5.000000 420.388000 85.397987 460.779327 168.872269 0.018147 0.000000
5.000000 658.422485 283.033325 732.411743 413.335968 0.017780 0.000000
5.000000 1271.592285 134.568314 1302.400879 180.884491 0.016477 0.000000
5.000000 330.451599 89.396439 365.197876 173.239014 0.016393 0.000000
5.000000 1414.816650 245.176666 1463.949219 331.390045 0.016175 0.000000
5.000000 679.515747 314.360779 731.871826 411.712372 0.015815 0.000000
5.000000 1316.448120 363.268433 1402.079590 428.411591 0.015385 0.000000
5.000000 1867.121338 251.424072 1899.954346 330.179932 0.015044 0.000000
5.000000 1878.535889 241.483566 1919.353760 388.452942 0.014403 0.000000
5.000000 497.133545 133.086029 553.797607 255.619125 0.014217 0.000000
5.000000 1621.428223 545.189575 1677.562500 639.064819 0.014187 0.000000
5.000000 427.555847 125.386116 462.181641 254.497803 0.013894 0.000000
5.000000 1866.739746 251.866562 1914.837891 351.407471 0.013639 0.000000
5.000000 691.054504 0.786655 757.385925 148.976776 0.013132 0.000000
5.000000 199.681320 97.396729 262.022217 274.143036 0.012525 0.000000
5.000000 1407.200317 185.350021 1446.133301 243.034149 0.012441 0.000000
5.000000 374.809174 90.419830 415.208862 262.576782 0.012072 0.000000
5.000000 1221.441284 80.700851 1273.378418 140.525803 0.011705 0.000000
5.000000 630.160767 769.621399 677.658325 914.568054 0.011704 0.000000
5.000000 633.892578 754.810730 679.308044 836.876770 0.011263 0.000000
5.000000 1862.539307 242.063507 1919.120361 391.562744 0.011166 0.000000
5.000000 0.500161 475.906555 43.476715 719.001587 0.011135 0.000000
5.000000 479.775024 38.927330 534.848450 151.267181 0.011059 0.000000
5.000000 1305.745605 139.820450 1356.250488 202.881317 0.011057 0.000000
5.000000 1455.654297 304.098419 1495.344727 417.107483 0.010729 0.000000
5.000000 1317.066406 136.432831 1348.197266 195.715256 0.010660 0.000000
5.000000 1446.233398 246.920105 1499.264404 357.328552 0.010541 0.000000
5.000000 255.167908 361.251617 295.113464 414.562408 0.010426 0.000000
5.000000 1521.751953 541.716919 1717.763916 678.382935 0.010307 0.000000
6.000000 373.309387 404.731934 454.883698 645.470764 0.850995 0.000000
6.000000 1064.950439 217.378601 1150.533447 386.906372 0.800917 0.000000
6.000000 1726.447754 456.162964 1803.902588 671.378357 0.758110 0.000000
6.000000 542.430786 148.803650 600.877258 329.533875 0.743467 0.000000
6.000000 102.762314 549.134033 176.047531 794.864502 0.731540 0.000000
6.000000 1115.210205 976.089844 1187.851562 1080.000000 0.691535 0.000000
6.000000 788.800781 146.477020 852.435608 322.312622 0.659372 0.000000
6.000000 1797.516724 201.472733 1855.454224 386.255615 0.653224 0.000000
6.000000 1626.017090 259.111206 1691.390381 445.569153 0.625331 0.000000
6.000000 1355.561768 569.619507 1470.527588 820.328247 0.619247 0.000000
6.000000 493.871429 132.539200 553.609009 302.312805 0.556845 0.000000
6.000000 1049.801147 134.929504 1108.497437 297.793884 0.537980 0.000000
6.000000 0.089241 869.392273 43.844963 1078.898926 0.536616 0.000000
6.000000 219.988403 409.233154 300.782776 596.589539 0.533508 0.000000
6.000000 883.704895 130.318848 936.461975 298.324707 0.495362 0.000000
6.000000 1356.209106 570.763367 1439.247070 799.475830 0.452276 0.000000
6.000000 255.116776 362.228210 316.491821 564.960327 0.413507 0.000000
6.000000 348.046082 98.907761 411.169128 277.184753 0.394569 0.000000
6.000000 922.535522 137.815155 965.616577 293.966248 0.366262 0.000000
6.000000 1415.154785 246.227051 1501.359375 417.130463 0.363802 0.000000
6.000000 414.104095 88.038071 464.663818 255.515900 0.324132 0.000000
6.000000 1485.663086 70.097214 1539.855225 143.893555 0.317536 0.000000
6.000000 286.757446 104.265816 339.235382 286.704010 0.275117 0.000000
6.000000 1438.017090 247.001587 1499.554199 410.593781 0.265934 0.000000
6.000000 1511.334473 255.197388 1611.612793 427.082062 0.229463 0.000000
6.000000 686.209412 208.568848 755.089844 332.923828 0.211959 0.000000
6.000000 1623.521973 549.416260 1730.619385 692.786743 0.150156 0.000000
6.000000 903.576233 130.114624 964.982666 300.736115 0.141420 0.000000
6.000000 210.373901 96.863182 269.830811 280.973267 0.133324 0.000000
6.000000 712.658691 1.758957 758.037476 150.725586 0.112533 0.000000
6.000000 1007.155884 0.000000 1036.126465 74.168816 0.112027 0.000000
6.000000 231.106354 360.427917 314.930939 586.029907 0.095375 0.000000
6.000000 1410.263672 194.564896 1456.076660 334.107880 0.089659 0.000000
6.000000 469.570587 38.639214 539.918091 160.969208 0.076637 0.000000
6.000000 363.981812 111.458130 411.700836 269.526398 0.074539 0.000000
6.000000 1334.829102 284.623871 1370.072021 325.666687 0.073612 0.000000
6.000000 1414.547607 270.704865 1460.355835 403.888733 0.067954 0.000000
6.000000 1559.881348 260.544708 1611.786255 418.815125 0.066769 0.000000
6.000000 1247.646851 159.201004 1453.328125 335.999939 0.056195 0.000000
6.000000 256.212891 97.154861 293.567963 277.657196 0.055164 0.000000
6.000000 333.626831 89.753105 384.865662 278.727600 0.053375 0.000000
6.000000 1330.269775 281.933899 1386.110352 363.432312 0.052957 0.000000
6.000000 1045.711304 135.285141 1104.580811 214.378693 0.051377 0.000000
6.000000 1415.934448 320.203613 1461.880737 428.402405 0.045114 0.000000
6.000000 1044.199951 205.973190 1107.091553 308.578918 0.044230 0.000000
6.000000 1011.226868 2.877125 1076.618408 78.100525 0.042817 0.000000
6.000000 1204.940063 38.734119 1274.039307 145.473206 0.042461 0.000000
6.000000 471.190979 40.373337 542.735229 232.005203 0.042291 0.000000
6.000000 1629.598389 261.708069 1696.817139 405.383606 0.041509 0.000000
6.000000 1238.471191 0.000000 1282.529663 75.278442 0.039668 0.000000
6.000000 1227.414062 0.000000 1280.068848 128.686432 0.039663 0.000000
6.000000 1036.981079 1.513736 1087.718506 72.688545 0.038656 0.000000
6.000000 681.050049 225.282715 744.068726 406.640320 0.038416 0.000000
6.000000 1259.395020 133.999329 1305.216431 240.673874 0.038049 0.000000
6.000000 677.289185 277.363495 733.315979 408.275024 0.034325 0.000000
6.000000 712.372070 791.628845 748.022949 840.096863 0.033856 0.000000
6.000000 197.335648 93.013458 288.477051 280.101440 0.033156 0.000000
6.000000 460.848541 41.822365 530.462219 207.439590 0.033042 0.000000
6.000000 1412.418945 271.151550 1452.568604 349.408447 0.032228 0.000000
6.000000 1411.298828 242.219696 1463.222412 332.599091 0.029386 0.000000
6.000000 1290.270752 0.000000 1377.081543 184.568527 0.028565 0.000000
6.000000 520.932434 141.220276 593.089355 321.258972 0.026653 0.000000
6.000000 1622.106079 543.852722 1688.617310 668.361511 0.024868 0.000000
6.000000 1284.460449 384.085815 1330.934448 424.261475 0.024117 0.000000
6.000000 623.569702 129.036316 720.938721 283.447052 0.023796 0.000000
6.000000 630.379395 764.106689 678.274841 916.335327 0.023389 0.000000
6.000000 1444.707275 246.233185 1496.880371 364.834656 0.023198 0.000000
6.000000 0.090159 509.360046 20.515293 721.810547 0.023082 0.000000
6.000000 1407.347412 188.565308 1447.629150 254.103149 0.022371 0.000000
6.000000 1901.350708 259.982361 1919.358032 390.428650 0.021953 0.000000
6.000000 881.358521 129.181778 931.980957 246.765015 0.021263 0.000000
6.000000 1401.276001 617.342102 1454.423340 818.699524 0.020953 0.000000
6.000000 1303.567749 382.884521 1362.090332 426.053833 0.019398 0.000000
6.000000 924.868652 134.009216 965.638184 223.166153 0.019111 0.000000
6.000000 1401.146240 568.189941 1492.641113 816.768555 0.018767 0.000000
6.000000 1215.114746 59.413200 1274.553467 143.815109 0.018584 0.000000
6.000000 1325.873779 384.327209 1391.886475 427.902283 0.018237 0.000000
6.000000 1270.842896 135.307007 1303.427612 182.105759 0.017718 0.000000
6.000000 428.777893 125.766769 462.893188 253.844101 0.017224 0.000000
6.000000 1535.127319 399.170776 1629.924683 609.131958 0.016797 0.000000
6.000000 722.208801 785.811584 752.187927 836.683960 0.016502 0.000000
6.000000 1866.920288 251.922867 1899.655518 330.279297 0.015912 0.000000
6.000000 1449.923950 317.325623 1494.276489 420.266327 0.015503 0.000000
6.000000 1523.862793 540.024414 1724.980469 690.671753 0.015381 0.000000
6.000000 1307.665039 138.390244 1363.607910 200.655991 0.014939 0.000000
6.000000 687.080811 0.588547 756.063965 148.480713 0.014890 0.000000
6.000000 678.980103 310.263123 731.387817 412.120880 0.014575 0.000000
6.000000 1312.770508 343.368439 1404.681396 428.646881 0.014226 0.000000
6.000000 658.624146 282.591370 732.036621 413.512634 0.013958 0.000000
6.000000 420.966370 85.640579 461.342590 169.600479 0.013447 0.000000
6.000000 259.651001 426.336670 311.124054 588.818909 0.013182 0.000000
6.000000 1621.526733 539.274048 1663.882690 624.259033 0.013016 0.000000
6.000000 1320.643066 173.544342 1457.312622 351.100433 0.012778 0.000000
6.000000 1333.395020 201.254105 1461.332031 407.248657 0.012758 0.000000
6.000000 1316.288330 135.528641 1352.372803 196.330078 0.012616 0.000000
6.000000 331.530701 90.224899 365.822571 173.375931 0.012594 0.000000
6.000000 297.811890 116.682266 344.878052 274.736267 0.012349 0.000000
6.000000 537.642700 50.534218 581.480347 163.534470 0.012054 0.000000
6.000000 1327.828491 284.605835 1404.203979 380.943329 0.011910 0.000000
6.000000 1400.951416 566.153198 1463.979004 819.968994 0.011734 0.000000
6.000000 1487.883179 565.055542 1550.228027 667.861938 0.011531 0.000000
6.000000 1264.838623 385.980652 1310.684204 425.176758 0.011437 0.000000
6.000000 1866.001831 252.572433 1913.093628 343.951111 0.011143 0.000000
6.000000 1259.925537 136.986771 1355.431885 250.296570 0.010137 0.000000
6.000000 1878.320801 239.839828 1919.291748 383.756012 0.010091 0.000000
6.000000 635.225952 755.055542 679.952026 836.743286 0.010008 0.000000
7.000000 373.790070 403.287048 456.971008 642.178162 0.845090 0.000000
7.000000 542.057678 150.498779 600.366272 332.222656 0.810734 0.000000
7.000000 1058.652588 214.842957 1152.276367 387.497864 0.806636 0.000000
7.000000 1727.289551 455.702637 1803.963135 666.512085 0.765187 0.000000
7.000000 102.189575 548.922241 176.056610 794.670654 0.743092 0.000000
7.000000 789.661011 146.291336 853.481689 321.170044 0.677853 0.000000
7.000000 1798.799805 202.401215 1858.633545 388.859161 0.676692 0.000000
7.000000 1116.485962 975.684998 1189.719360 1080.000000 0.672806 0.000000
7.000000 1356.214966 569.665466 1471.837158 820.268738 0.629432 0.000000
7.000000 494.544678 138.615952 553.283447 304.500641 0.611597 0.000000
7.000000 219.388412 410.215759 299.510132 595.229492 0.606617 0.000000
7.000000 1624.863647 258.166626 1689.301392 446.512665 0.590672 0.000000
7.000000 1358.072510 568.667603 1441.563232 803.400024 0.482435 0.000000
7.000000 1041.494873 137.662125 1105.222534 289.878387 0.451523 0.000000
7.000000 347.806641 98.210892 410.536560 277.603638 0.442342 0.000000
7.000000 884.801147 131.393768 936.934204 298.557648 0.424610 0.000000
7.000000 256.322205 361.984497 315.336365 562.773315 0.416615 0.000000
7.000000 920.917786 137.177643 965.862122 295.458496 0.415730 0.000000
7.000000 1414.976196 242.830765 1498.755005 412.154968 0.397339 0.000000
7.000000 1485.811523 70.441521 1539.752563 144.449493 0.309254 0.000000
7.000000 0.098250 864.451721 44.065285 1080.000000 0.286653 0.000000
7.000000 414.046783 87.443687 464.842712 255.124756 0.283267 0.000000
7.000000 287.145020 103.645905 337.365906 287.331421 0.253103 0.000000
7.000000 686.103516 211.471771 757.687500 338.809143 0.207715 0.000000
7.000000 901.332825 130.337845 965.633972 303.728668 0.188408 0.000000
7.000000 1511.609375 256.651184 1611.085205 426.954041 0.186716 0.000000
7.000000 1043.579834 135.885147 1105.476807 247.115295 0.163659 0.000000
7.000000 211.574295 97.188171 269.389771 281.597473 0.151649 0.000000
7.000000 712.097351 1.248459 757.809631 149.829224 0.138585 0.000000
7.000000 1007.185547 0.000000 1036.774902 74.407402 0.128317 0.000000
7.000000 1624.191650 549.638123 1732.373291 693.773560 0.092643 0.000000
7.000000 227.221619 360.877167 312.759613 581.209351 0.078312 0.000000
7.000000 473.639008 38.811859 539.985840 159.489288 0.074353 0.000000
7.000000 364.500397 109.637466 410.950195 269.473267 0.072147 0.000000
7.000000 1041.200684 1.720734 1087.559326 72.005356 0.069883 0.000000
7.000000 1248.200928 159.839951 1455.061035 348.552368 0.064349 0.000000
7.000000 1413.785522 273.475220 1458.891724 403.392395 0.064039 0.000000
7.000000 1335.364258 285.010376 1370.001465 325.516205 0.062611 0.000000
7.000000 1415.216064 322.345367 1461.725586 428.674438 0.060810 0.000000
7.000000 1331.106812 282.512604 1385.292236 364.515564 0.059495 0.000000
7.000000 1409.413696 197.422485 1452.840088 335.825500 0.053706 0.000000
7.000000 1013.055908 3.185094 1049.490234 76.157181 0.053421 0.000000
7.000000 1044.394043 135.745651 1103.600830 215.402893 0.052098 0.000000
7.000000 333.037262 89.411842 384.303406 279.960266 0.046790 0.000000
7.000000 254.396118 98.272293 291.810547 279.096436 0.044972 0.000000
7.000000 472.633362 40.082062 542.259949 226.003845 0.044776 0.000000
7.000000 1022.374634 1.543651 1088.480225 75.945351 0.042159 0.000000
7.000000 866.491516 131.565796 943.651428 298.364655 0.041966 0.000000
7.000000 1207.384644 40.848274 1274.522827 148.640762 0.041596 0.000000
7.000000 712.078491 791.282471 747.930420 839.613892 0.040872 0.000000
7.000000 1411.130859 271.557587 1451.491943 354.819214 0.038977 0.000000
7.000000 1290.470459 0.000000 1377.124756 185.521408 0.038780 0.000000
7.000000 1414.600830 322.223785 1458.013672 403.670013 0.035848 0.000000
7.000000 896.476440 134.493027 941.943115 300.701660 0.035250 0.000000
7.000000 217.509842 411.861969 289.180359 518.936768 0.034519 0.000000
7.000000 333.315613 94.878372 371.180481 266.806915 0.033640 0.000000
7.000000 199.454819 93.485107 285.682373 280.706482 0.033408 0.000000
7.000000 629.536194 764.461853 678.708862 916.043518 0.033401 0.000000
7.000000 1226.432861 0.000000 1280.476562 139.425629 0.032947 0.000000
7.000000 668.140198 275.787964 734.777283 405.994812 0.032252 0.000000
7.000000 680.186646 244.735382 744.718872 404.492523 0.032114 0.000000
7.000000 1268.290771 132.151367 1305.048584 202.908279 0.031154 0.000000
7.000000 1482.686523 69.763870 1540.196289 168.930130 0.030879 0.000000
7.000000 1410.724365 236.422623 1451.280518 338.057495 0.030801 0.000000
7.000000 1237.708252 0.000000 1282.331055 73.926979 0.030407 0.000000
7.000000 460.373474 48.832954 527.337402 218.807968 0.029265 0.000000
7.000000 515.139648 140.690125 588.276245 321.558624 0.028037 0.000000
7.000000 1559.795654 261.039093 1611.042480 418.166382 0.027880 0.000000
7.000000 1042.717407 207.882141 1106.585327 304.944458 0.027416 0.000000
7.000000 1186.545898 32.620827 1271.324463 144.319748 0.027292 0.000000
7.000000 1447.110718 257.130920 1492.908691 416.457642 0.027140 0.000000
7.000000 1898.971069 255.485092 1919.423218 388.463745 0.024284 0.000000
7.000000 882.410400 130.005112 932.343506 244.870789 0.022586 0.000000
7.000000 1629.124512 262.665466 1697.052979 407.470917 0.021748 0.000000
7.000000 1402.653198 568.040039 1492.591797 817.083984 0.020794 0.000000
7.000000 1901.506714 287.922363 1919.343384 388.846527 0.020454 0.000000
7.000000 1402.920410 616.171387 1455.204102 818.801392 0.020418 0.000000
7.000000 0.081981 505.822266 20.730175 721.101013 0.019821 0.000000
7.000000 684.061890 208.406662 754.834717 396.805176 0.019740 0.000000
7.000000 1310.330811 137.379623 1363.681396 200.365997 0.019177 0.000000
7.000000 1272.578125 134.207886 1303.048584 185.174698 0.019068 0.000000
7.000000 428.228302 122.824997 462.410065 253.217468 0.018756 0.000000
7.000000 1324.990967 384.532104 1391.417480 427.845062 0.018737 0.000000
7.000000 1356.165894 578.582397 1431.054199 716.034790 0.018547 0.000000
7.000000 1283.564453 384.869751 1329.121094 423.904907 0.017828 0.000000
7.000000 724.093872 785.272522 752.330383 836.049866 0.017682 0.000000
7.000000 688.756592 0.199665 757.254578 148.619446 0.017673 0.000000
7.000000 1319.232788 338.148102 1404.853271 428.647614 0.016986 0.000000
7.000000 1313.137939 383.483093 1366.888184 425.882721 0.016863 0.000000
7.000000 537.971802 50.594032 582.508789 164.675598 0.016547 0.000000
7.000000 922.310852 132.443253 965.839600 250.932816 0.016058 0.000000
7.000000 1865.755127 251.754639 1898.689941 330.535583 0.015860 0.000000
7.000000 331.495178 91.030563 366.000793 175.371002 0.014568 0.000000
7.000000 252.798981 359.513428 294.349548 476.630188 0.014553 0.000000
7.000000 624.206543 129.021149 721.042419 282.740540 0.014378 0.000000
7.000000 1318.365845 135.203201 1352.402466 196.146790 0.014043 0.000000
7.000000 1534.028564 388.949890 1630.220581 607.582581 0.013990 0.000000
7.000000 1623.534912 545.563049 1691.533691 655.511780 0.013964 0.000000
7.000000 631.738525 743.309509 724.393677 935.731018 0.013718 0.000000
7.000000 1864.910522 252.027802 1910.500122 343.328735 0.013367 0.000000
7.000000 1433.204590 243.340714 1496.362549 352.655945 0.012916 0.000000
7.000000 1452.797119 333.104523 1492.524902 417.601135 0.012845 0.000000
7.000000 1411.892944 243.743683 1472.844727 340.358368 0.012640 0.000000
7.000000 1403.968262 184.565506 1447.025635 256.933350 0.012549 0.000000
7.000000 1401.949585 566.365967 1464.378662 820.321533 0.012489 0.000000
7.000000 678.759399 316.688568 731.628601 409.643372 0.012486 0.000000
7.000000 1328.171997 323.395020 1391.637817 369.422333 0.011935 0.000000
7.000000 1220.652588 82.944603 1273.632812 142.467377 0.011518 0.000000
7.000000 1415.118530 314.367920 1468.076660 459.532654 0.011467 0.000000
7.000000 633.584229 765.650940 676.064514 835.242920 0.011377 0.000000
7.000000 1329.072021 285.142578 1404.061279 378.509888 0.011373 0.000000
7.000000 493.130859 133.274750 553.112061 233.193817 0.011323 0.000000
7.000000 1302.784058 132.547607 1375.211670 197.662674 0.011198 0.000000
7.000000 1047.180542 168.129913 1108.116943 305.038696 0.010790 0.000000
7.000000 301.281311 111.814911 347.751648 277.177490 0.010710 0.000000
7.000000 197.931656 97.380676 262.629578 273.791992 0.010172 0.000000
7.000000 182.074600 118.695618 236.936829 262.303467 0.010137 0.000000
8.000000 374.810120 402.756317 457.127380 641.606567 0.825372 0.000000
8.000000 541.781128 152.375275 598.547424 334.414612 0.809325 0.000000
8.000000 1056.574219 216.277725 1150.775146 386.077972 0.794043 0.000000
8.000000 1725.490479 456.743317 1801.722168 666.615356 0.752680 0.000000
8.000000 101.616234 550.134399 180.257721 795.162598 0.752079 0.000000
8.000000 788.957764 146.924225 852.691650 321.374390 0.698999 0.000000
8.000000 1121.337891 975.543457 1190.680664 1080.000000 0.697407 0.000000
8.000000 1798.683105 203.938522 1859.357666 393.984131 0.652361 0.000000
8.000000 492.663391 137.252228 553.507141 306.707458 0.640608 0.000000
8.000000 1356.381836 569.196411 1477.652344 819.679932 0.593306 0.000000
8.000000 217.062561 399.969177 298.350769 592.018799 0.581522 0.000000
8.000000 1624.008179 257.778503 1690.881958 445.740509 0.553701 0.000000
8.000000 1356.414917 570.901611 1436.784668 799.568970 0.484320 0.000000
8.000000 910.392334 134.880478 966.451172 300.299194 0.450881 0.000000
8.000000 1039.990845 138.223511 1104.546509 287.373535 0.439750 0.000000
8.000000 883.621399 130.025742 956.554504 300.050720 0.432706 0.000000
8.000000 347.753906 98.971573 409.777161 277.926697 0.394486 0.000000
8.000000 260.186371 366.234558 313.630188 559.016235 0.368514 0.000000
8.000000 1485.835327 70.303940 1539.908569 144.617249 0.318549 0.000000
8.000000 1430.273193 243.792755 1493.692993 411.321991 0.281239 0.000000
8.000000 416.074860 88.353859 464.310333 254.579468 0.232110 0.000000
8.000000 710.952148 1.368507 758.195312 151.369751 0.226593 0.000000
8.000000 685.657104 211.628311 755.550293 334.529053 0.220398 0.000000
8.000000 882.169678 130.399475 932.578613 295.076843 0.197647 0.000000
8.000000 287.987183 120.863960 337.255005 286.939758 0.197152 0.000000
8.000000 1043.177124 136.570099 1104.736816 219.818787 0.168323 0.000000
8.000000 212.648529 97.080208 268.709564 281.357086 0.147053 0.000000
8.000000 1007.627747 0.000000 1037.968750 74.600647 0.119821 0.000000
8.000000 1415.805176 320.324036 1469.359497 410.556641 0.110187 0.000000
8.000000 1624.551758 550.530273 1731.778320 691.855896 0.097322 0.000000
8.000000 0.171616 865.416504 42.867722 1079.167236 0.088302 0.000000
8.000000 461.391815 39.280380 539.310669 244.030930 0.087399 0.000000
8.000000 1334.191406 284.516510 1370.321777 325.483063 0.079602 0.000000
8.000000 219.625992 361.583130 309.133789 584.558350 0.075150 0.000000
8.000000 215.165314 403.825195 291.873505 547.713135 0.073946 0.000000
8.000000 475.310120 38.645966 540.044495 160.819794 0.073664 0.000000
8.000000 1416.281738 318.591125 1480.391357 426.580933 0.064743 0.000000
8.000000 680.844849 278.168152 735.397705 406.243103 0.061475 0.000000
8.000000 365.290894 109.681793 410.648499 269.704529 0.060352 0.000000
8.000000 1198.340332 36.555737 1274.653931 152.765274 0.059486 0.000000
8.000000 682.409180 238.250427 745.530762 405.627136 0.055858 0.000000
8.000000 1247.370117 157.021912 1451.740479 330.813782 0.054018 0.000000
8.000000 1289.362305 0.000000 1378.306274 180.502945 0.053763 0.000000
8.000000 1039.416748 1.623425 1087.052490 72.390717 0.051998 0.000000
8.000000 1329.728394 281.890411 1388.230469 365.912933 0.051159 0.000000
8.000000 253.964081 100.610207 290.702362 278.577911 0.049107 0.000000
8.000000 238.001923 353.788147 313.018555 571.651794 0.047746 0.000000
8.000000 1408.554321 274.411896 1448.419434 339.686127 0.045947 0.000000
8.000000 1407.513672 199.829742 1451.237305 337.330383 0.045162 0.000000
8.000000 1011.455750 3.292751 1048.280762 76.896194 0.043054 0.000000
8.000000 1419.518921 281.872437 1488.894531 417.318909 0.041203 0.000000
8.000000 334.495392 92.093170 383.259460 280.328674 0.037436 0.000000
8.000000 1237.904541 0.000000 1281.789062 73.238922 0.035774 0.000000
8.000000 1526.799561 257.358521 1610.875732 426.954773 0.035321 0.000000
8.000000 921.068665 143.344940 967.406982 281.557739 0.033914 0.000000
8.000000 1441.957520 243.710083 1491.773193 352.933868 0.032188 0.000000
8.000000 1900.946777 254.613052 1919.339355 389.249542 0.031769 0.000000
8.000000 1226.418701 0.000000 1280.662842 139.276932 0.029995 0.000000
8.000000 334.293518 98.685150 371.722351 269.856506 0.028327 0.000000
8.000000 197.904510 93.924042 287.168762 280.169189 0.028213 0.000000
8.000000 622.444580 130.021454 720.359741 282.730774 0.028140 0.000000
8.000000 1628.919067 262.472351 1698.406494 408.028107 0.027982 0.000000
8.000000 1402.684814 564.523865 1497.211182 816.909668 0.024115 0.000000
8.000000 0.092125 514.183411 20.420956 722.140503 0.023301 0.000000
8.000000 460.546021 73.815659 516.271667 243.480652 0.022825 0.000000
8.000000 1040.081787 208.923431 1104.971680 303.786072 0.022634 0.000000
8.000000 1864.320068 251.972748 1899.247070 330.594666 0.022193 0.000000
8.000000 540.008545 53.313126 582.407227 167.403305 0.022024 0.000000
8.000000 1413.653564 313.034149 1479.750366 462.997375 0.021128 0.000000
8.000000 1355.906982 579.119019 1432.057617 720.166077 0.020719 0.000000
8.000000 249.293976 371.439972 311.080536 506.658051 0.020524 0.000000
8.000000 1317.473145 329.302063 1406.807739 428.296082 0.020182 0.000000
8.000000 710.909058 791.943420 747.058838 839.544983 0.019683 0.000000
8.000000 1260.329102 135.225555 1304.837280 241.937012 0.019576 0.000000
8.000000 1312.106689 138.074936 1358.619873 199.916977 0.019498 0.000000
8.000000 1324.790039 383.775696 1393.486816 427.893494 0.018750 0.000000
8.000000 252.014786 356.735291 292.941711 444.740723 0.018420 0.000000
8.000000 686.022278 0.000000 759.725952 147.727341 0.018078 0.000000
8.000000 657.923218 281.062256 732.109314 411.545410 0.017347 0.000000
8.000000 1279.532471 384.190979 1329.192139 424.261597 0.016707 0.000000
8.000000 427.077026 117.644440 462.413452 252.593536 0.016686 0.000000
8.000000 1623.119019 544.357544 1689.235474 650.100769 0.016432 0.000000
8.000000 1019.758118 2.177616 1082.661377 76.218018 0.016212 0.000000
8.000000 1404.179321 654.397705 1452.157593 816.239319 0.015438 0.000000
8.000000 1327.141846 323.222076 1393.249146 371.210266 0.015402 0.000000
8.000000 1534.869507 386.567322 1630.858887 607.714355 0.014982 0.000000
8.000000 1307.054077 382.847076 1369.915527 426.239685 0.014950 0.000000
8.000000 1328.156616 283.934998 1417.086914 384.675659 0.013810 0.000000
8.000000 1319.879883 136.272736 1349.645508 195.446106 0.013377 0.000000
8.000000 1489.923706 563.669067 1548.617065 655.087463 0.013011 0.000000
8.000000 883.063599 130.054230 932.068970 240.585205 0.012542 0.000000
8.000000 1402.030029 564.652466 1469.373535 820.004272 0.012441 0.000000
8.000000 1379.392456 221.217270 1452.139648 353.472229 0.012134 0.000000
8.000000 630.747192 766.833069 678.226807 914.911560 0.011912 0.000000
8.000000 1622.490234 538.562134 1661.441895 623.469482 0.011823 0.000000
8.000000 491.897369 135.969772 551.886475 234.794495 0.011652 0.000000
8.000000 1497.479736 539.628601 1732.025391 688.891785 0.011401 0.000000
8.000000 1864.211060 251.431091 1910.930054 343.356354 0.010978 0.000000
8.000000 332.700439 92.967384 366.776917 174.821136 0.010967 0.000000
8.000000 1504.661133 565.330261 1540.117676 601.967468 0.010956 0.000000
8.000000 245.084808 356.696045 291.312683 426.176788 0.010861 0.000000
8.000000 495.267792 94.141388 541.303101 217.617233 0.010844 0.000000
8.000000 1272.093994 181.878342 1358.929321 319.757141 0.010821 0.000000
8.000000 1208.393311 77.730927 1275.839600 178.286377 0.010792 0.000000
8.000000 1403.746338 250.067139 1461.493408 408.788452 0.010610 0.000000
8.000000 1400.965210 184.364410 1447.353149 265.864838 0.010280 0.000000
8.000000 1862.152588 238.589218 1918.724854 389.248047 0.010238 0.000000
