# assets/MOT17-mini/train/MOT17-02-FRCNN/img1
1.000000 1337.597656 418.816772 1499.463379 785.612671 0.849186 0.000000
1.000000 583.732178 447.512054 674.553772 708.163940 0.836105 0.000000
1.000000 1457.223389 434.836945 1595.466553 762.772705 0.769617 0.000000
1.000000 439.483215 445.443420 550.015991 719.388550 0.736397 0.000000
1.000000 732.274292 458.559906 769.479309 571.075439 0.542593 0.000000
1.000000 1255.156128 433.760468 1298.271973 549.132446 0.493291 0.000000
1.000000 1876.562012 395.182068 1919.290771 643.684570 0.264438 0.000000
1.000000 1888.991089 412.738037 1919.404175 640.570679 0.217267 0.000000
1.000000 1860.021240 388.596039 1919.553955 652.282593 0.211643 0.000000
1.000000 937.228638 435.020782 973.999146 518.416870 0.205067 0.000000
1.000000 1010.384583 426.381134 1059.100586 528.951538 0.193212 0.000000
1.000000 692.502075 458.700073 738.226685 598.906677 0.191010 0.000000
1.000000 654.893799 456.330048 714.107056 645.632263 0.186461 0.000000
1.000000 1084.847900 453.730682 1133.571167 586.332397 0.184724 0.000000
1.000000 1303.175293 417.576416 1346.502808 548.229126 0.127885 0.000000
1.000000 1829.189209 477.528809 1893.639404 636.173462 0.125025 0.000000
1.000000 1099.978271 453.368042 1136.478149 559.017517 0.122711 0.000000
1.000000 540.588623 448.795532 586.462158 556.289551 0.122426 0.000000
1.000000 917.978760 433.060181 978.784058 586.958313 0.120407 0.000000
1.000000 1004.373596 423.524658 1049.811523 527.496216 0.111455 0.000000
1.000000 968.990662 453.288635 1015.497986 542.201172 0.110543 0.000000
1.000000 1671.291992 420.042664 1788.478760 636.519470 0.106518 0.000000
1.000000 714.655701 453.799255 758.391724 573.575134 0.095443 0.000000
1.000000 1366.961182 427.868683 1397.653076 481.768982 0.094440 0.000000
1.000000 693.946655 453.536499 734.119507 520.303345 0.088231 0.000000
1.000000 1667.932617 448.791779 1716.036621 588.456177 0.085218 0.000000
1.000000 703.780701 460.123260 742.968262 591.111206 0.082684 0.000000
1.000000 1079.867065 476.110291 1115.494385 583.723206 0.079604 0.000000
1.000000 1859.424316 473.988647 1919.336426 657.567993 0.078975 0.000000
1.000000 807.454834 477.149109 835.808350 548.245728 0.078898 0.000000
1.000000 539.305054 436.850525 585.476318 512.175537 0.073629 0.000000
1.000000 1837.675781 476.513123 1885.540283 621.708069 0.071792 0.000000
1.000000 1368.216064 416.710968 1407.807129 483.696259 0.068498 0.000000
1.000000 1674.057617 440.060760 1788.143066 589.782959 0.060754 0.000000
1.000000 1879.751465 403.501923 1919.310303 534.327271 0.060144 0.000000
1.000000 656.349365 451.666168 695.930176 527.719604 0.060010 0.000000
1.000000 659.107422 453.103546 701.016846 544.832397 0.059256 0.000000
1.000000 696.984131 451.927643 735.538208 570.724243 0.058298 0.000000
1.000000 1465.884033 440.116241 1554.008423 550.985840 0.053262 0.000000
1.000000 655.932251 517.933960 706.449890 644.241943 0.052349 0.000000
1.000000 839.645691 467.391541 882.075256 552.938965 0.049117 0.000000
1.000000 1048.517822 485.994385 1094.995361 565.768555 0.045940 0.000000
1.000000 1532.240112 431.673035 1565.033569 501.060181 0.044794 0.000000
1.000000 655.473389 449.309784 695.050293 501.014557 0.044352 0.000000
1.000000 825.010986 473.479431 853.145508 550.655457 0.043875 0.000000
1.000000 475.699127 462.585632 549.547729 716.713867 0.043610 0.000000
1.000000 1699.968018 448.345703 1781.846191 516.979126 0.040958 0.000000
1.000000 1360.236816 430.268829 1399.610107 509.931427 0.038573 0.000000
1.000000 915.436157 506.694397 981.143188 587.377441 0.038495 0.000000
1.000000 966.095581 469.612793 1017.171021 557.612366 0.038381 0.000000
1.000000 1256.026855 418.087372 1312.491943 550.353760 0.036843 0.000000
1.000000 533.886230 450.097961 569.766113 523.778687 0.035650 0.000000
1.000000 962.131958 438.979340 989.517212 528.474121 0.035415 0.000000
1.000000 697.108643 485.325897 739.379761 604.065186 0.035380 0.000000
1.000000 1836.044678 391.811646 1918.998779 644.171021 0.035099 0.000000
1.000000 541.062256 444.319824 602.660645 529.690369 0.033532 0.000000
1.000000 996.501343 427.240265 1069.109253 559.763550 0.031347 0.000000
1.000000 1530.519043 432.363373 1572.815674 528.816406 0.029803 0.000000
1.000000 1068.536865 449.375610 1091.322144 512.547363 0.029541 0.000000
1.000000 532.802734 466.673035 576.455078 554.923828 0.028016 0.000000
1.000000 789.244446 455.456238 821.049866 508.187683 0.027913 0.000000
1.000000 800.893066 471.430115 832.813110 533.258423 0.026879 0.000000
1.000000 1532.997925 429.691711 1584.653320 536.512146 0.026464 0.000000
1.000000 869.870544 473.398773 903.920105 553.510742 0.026350 0.000000
1.000000 496.815399 470.437500 552.116211 664.670532 0.026098 0.000000
1.000000 1054.508423 478.917542 1093.538574 542.624146 0.025809 0.000000
1.000000 1291.508301 422.916779 1317.504883 545.932617 0.024807 0.000000
1.000000 1879.196045 392.168762 1919.281128 499.364563 0.024259 0.000000
1.000000 651.566650 449.161652 690.034912 511.640350 0.023861 0.000000
1.000000 916.338684 473.284058 1006.006897 587.465149 0.019799 0.000000
1.000000 677.126099 454.930847 710.748169 535.848877 0.019544 0.000000
1.000000 556.701294 436.691986 606.317383 496.223145 0.019362 0.000000
1.000000 1067.646973 467.387421 1115.964111 567.599365 0.019320 0.000000
1.000000 1870.733643 426.327637 1918.000488 485.770813 0.017235 0.000000
1.000000 967.446350 514.948853 1065.914062 583.030762 0.017107 0.000000
1.000000 687.356323 528.996704 728.612305 606.895996 0.016769 0.000000
1.000000 1070.318115 453.191620 1096.255737 508.326141 0.016514 0.000000
1.000000 881.960632 461.896179 910.210876 556.380798 0.016382 0.000000
1.000000 1062.584717 445.778870 1092.478516 520.802734 0.015960 0.000000
1.000000 1464.413330 463.448975 1538.021729 546.488403 0.015284 0.000000
1.000000 782.290405 456.007507 808.113403 494.372681 0.014873 0.000000
1.000000 1071.955566 439.862366 1096.039062 494.996521 0.014527 0.000000
1.000000 1690.151367 493.662048 1737.655518 588.329102 0.014200 0.000000
1.000000 529.331360 432.730347 564.651489 498.443542 0.013964 0.000000
1.000000 415.526642 455.319580 457.572052 518.784485 0.013688 0.000000
1.000000 1670.172852 486.282166 1718.700684 589.909241 0.013684 0.000000
1.000000 1018.288330 469.196869 1072.612061 554.827637 0.013560 0.000000
1.000000 1032.179810 497.270416 1099.460815 588.472168 0.012971 0.000000
1.000000 1870.746826 400.395264 1918.318359 486.057312 0.012956 0.000000
1.000000 1061.508789 436.344910 1078.646484 505.084534 0.012846 0.000000
1.000000 549.245361 458.676544 605.716736 546.379272 0.012172 0.000000
1.000000 1004.871948 418.551727 1046.343506 450.748352 0.012074 0.000000
1.000000 875.105347 457.532410 903.314941 550.939087 0.011980 0.000000
1.000000 725.507263 444.197113 766.711121 525.034790 0.011847 0.000000
1.000000 532.081665 490.488281 567.301270 554.399902 0.011814 0.000000
1.000000 1484.655518 433.173065 1552.197510 521.400269 0.011196 0.000000
1.000000 1879.954590 388.008636 1919.271484 456.248932 0.011131 0.000000
1.000000 419.102234 493.502747 482.717102 607.747192 0.011083 0.000000
1.000000 415.811737 468.410522 556.116333 674.305847 0.010802 0.000000
1.000000 1002.339966 414.633789 1065.265991 529.713989 0.010636 0.000000
1.000000 1394.454590 429.166260 1499.472412 742.288879 0.010014 0.000000
2.000000 1341.332031 416.096466 1508.383057 786.240479 0.859940 0.000000
2.000000 583.971069 448.260498 676.460693 707.880737 0.843463 0.000000
2.000000 437.286713 445.064758 549.745728 720.093384 0.755634 0.000000
2.000000 1456.804321 433.343353 1598.398682 764.177368 0.692375 0.000000
2.000000 733.097290 465.349823 770.183105 571.690308 0.550386 0.000000
2.000000 1255.603760 429.141266 1300.310425 548.908936 0.448337 0.000000
2.000000 1875.976685 395.218140 1919.299438 648.171753 0.265601 0.000000
2.000000 662.323120 453.446960 716.146973 646.616333 0.241913 0.000000
2.000000 937.259766 435.078369 973.973694 519.186279 0.230416 0.000000
2.000000 1858.194580 389.536285 1919.549561 653.363770 0.228712 0.000000
2.000000 1014.134216 429.151428 1058.348389 530.493530 0.215473 0.000000
2.000000 1890.875977 412.090302 1919.416260 641.885620 0.205718 0.000000
2.000000 1087.403931 453.655426 1134.404053 578.236328 0.203855 0.000000
2.000000 695.963379 453.825989 737.990112 590.700989 0.185398 0.000000
2.000000 463.604828 454.542542 552.989014 709.243225 0.184084 0.000000
2.000000 1095.286865 454.873810 1136.332642 563.017578 0.152582 0.000000
2.000000 919.068787 433.383270 979.230469 586.269409 0.128911 0.000000
2.000000 969.835144 451.142639 1013.814514 539.440002 0.117022 0.000000
2.000000 701.128174 471.228333 742.841553 601.336670 0.115181 0.000000
2.000000 1881.296265 461.528412 1919.425415 654.144897 0.103466 0.000000
2.000000 691.597778 482.964569 733.414124 605.587402 0.102879 0.000000
2.000000 806.999084 477.891907 836.793274 547.174194 0.095161 0.000000
2.000000 1672.353027 414.976318 1788.708740 637.211975 0.090811 0.000000
2.000000 1079.169434 461.319122 1129.268066 593.866821 0.087844 0.000000
2.000000 1078.166504 474.146759 1113.474731 581.532349 0.085541 0.000000
2.000000 1304.555420 418.317902 1346.529419 548.926636 0.085382 0.000000
2.000000 1829.605591 477.782959 1893.625854 636.154175 0.085110 0.000000
2.000000 1048.466553 479.196350 1095.561401 568.194031 0.077077 0.000000
2.000000 541.711914 449.901398 585.587158 548.801025 0.075455 0.000000
2.000000 1668.750488 451.352600 1714.878906 587.552124 0.072454 0.000000
2.000000 1865.738525 478.135437 1919.350342 657.352539 0.070984 0.000000
2.000000 695.004883 452.051788 735.479492 517.308716 0.070631 0.000000
2.000000 1851.243652 457.122681 1918.998291 645.892700 0.065329 0.000000
2.000000 1370.314697 428.946075 1396.539062 487.429413 0.062555 0.000000
2.000000 659.119873 454.180023 703.199463 605.787354 0.061201 0.000000
2.000000 1255.536499 416.663086 1312.099243 552.783875 0.060562 0.000000
2.000000 838.497620 470.229675 881.181335 548.594482 0.058774 0.000000
2.000000 1879.533691 406.794891 1919.312988 532.278564 0.055654 0.000000
2.000000 1534.167236 428.281494 1572.046509 510.830017 0.054229 0.000000
2.000000 539.473145 437.044128 582.365723 504.139099 0.048319 0.000000
2.000000 1838.755371 476.817444 1884.708252 589.594299 0.046757 0.000000
2.000000 962.242432 438.788910 988.760620 526.741821 0.043793 0.000000
2.000000 1676.218872 440.942780 1777.238159 588.993652 0.043052 0.000000
2.000000 823.893677 475.605194 850.038208 549.750244 0.042196 0.000000
2.000000 968.233643 455.851593 1016.810059 562.449219 0.041768 0.000000
2.000000 656.707520 452.058197 695.955505 526.651367 0.040176 0.000000
2.000000 1053.537109 476.353912 1093.903320 543.857788 0.039902 0.000000
2.000000 999.228394 438.972595 1064.802002 550.275024 0.039707 0.000000
2.000000 915.748047 506.095337 982.592773 587.047546 0.038773 0.000000
2.000000 1532.785889 428.511200 1579.110718 538.721741 0.037565 0.000000
2.000000 865.701050 474.676117 903.572021 553.657471 0.034163 0.000000
2.000000 1068.066895 452.267578 1091.405029 509.538208 0.033801 0.000000
2.000000 1363.919067 427.587524 1400.383789 497.273804 0.032861 0.000000
2.000000 1371.436035 417.092590 1405.398438 495.486084 0.029645 0.000000
2.000000 1065.303223 465.952576 1108.703979 567.388855 0.028299 0.000000
2.000000 786.424072 458.866425 821.865234 505.844147 0.028282 0.000000
2.000000 532.358582 449.540497 561.413757 526.711914 0.027968 0.000000
2.000000 1701.248657 447.794922 1784.188477 520.159668 0.026921 0.000000
2.000000 1039.578125 485.257507 1100.547607 584.919189 0.026493 0.000000
2.000000 800.295410 473.596436 834.951416 536.255981 0.026395 0.000000
2.000000 654.947266 449.550842 694.686890 498.290039 0.025524 0.000000
2.000000 1701.811157 447.547302 1786.102661 564.397095 0.024959 0.000000
2.000000 532.265381 475.485901 566.409058 553.922852 0.024958 0.000000
2.000000 547.049744 447.940369 604.579651 515.112061 0.024215 0.000000
2.000000 1473.247559 446.932892 1552.398560 550.541870 0.023118 0.000000
2.000000 1061.311401 447.795593 1092.569580 522.075256 0.022666 0.000000
2.000000 1855.971680 511.564453 1917.772705 654.103455 0.021854 0.000000
2.000000 674.123840 454.759277 712.556030 566.178772 0.021843 0.000000
2.000000 688.853699 539.573853 727.751099 606.249817 0.021691 0.000000
2.000000 543.093567 474.180084 582.741394 555.908691 0.019744 0.000000
2.000000 969.329773 510.553589 1059.757812 575.844055 0.019441 0.000000
2.000000 652.490601 449.527039 688.328003 523.902283 0.019299 0.000000
2.000000 1528.892090 429.971466 1584.200195 559.237305 0.018292 0.000000
2.000000 1020.851807 458.117523 1067.319946 543.491211 0.018092 0.000000
2.000000 1879.338135 394.110809 1919.294678 499.461823 0.017953 0.000000
2.000000 916.630554 487.618835 1003.051941 586.326599 0.017623 0.000000
2.000000 841.991943 472.876831 891.729736 560.821472 0.017113 0.000000
2.000000 882.739380 459.064270 910.421997 555.761719 0.017027 0.000000
2.000000 1291.897217 417.212158 1336.142822 548.257568 0.016558 0.000000
2.000000 663.779602 525.651611 705.844971 644.881226 0.016415 0.000000
2.000000 1531.881836 419.550568 1580.084717 494.308044 0.016102 0.000000
2.000000 1280.715820 416.614105 1316.591064 547.489990 0.015939 0.000000
2.000000 415.735016 456.140564 457.729980 518.975891 0.015541 0.000000
2.000000 1071.442383 440.967346 1096.078125 494.013489 0.015178 0.000000
2.000000 1062.157715 436.559052 1079.390137 507.410614 0.014430 0.000000
2.000000 557.661987 437.059113 607.267639 500.394196 0.013220 0.000000
2.000000 528.614746 432.512817 560.836487 498.776978 0.013014 0.000000
2.000000 1870.011963 428.191223 1917.811279 486.380493 0.012641 0.000000
2.000000 873.006775 457.024109 903.826721 551.776062 0.012297 0.000000
2.000000 526.250244 483.153900 562.101013 570.822266 0.012056 0.000000
2.000000 416.499207 465.920380 459.286926 562.622437 0.010866 0.000000
3.000000 1341.916504 420.576324 1521.121094 798.284729 0.850943 0.000000
3.000000 583.388611 447.339752 675.914001 708.094360 0.836427 0.000000
3.000000 435.057312 443.033844 555.228333 721.421509 0.735517 0.000000
3.000000 1474.940186 435.301575 1604.696777 767.430176 0.704494 0.000000
3.000000 732.452759 460.713043 770.522583 570.856079 0.523524 0.000000
3.000000 1255.654907 431.990479 1294.645386 547.835632 0.375407 0.000000
3.000000 655.160278 454.990997 722.654236 645.950684 0.227072 0.000000
3.000000 1088.307861 450.054565 1134.853760 586.696289 0.215055 0.000000
3.000000 1013.532593 427.788849 1057.585205 530.595825 0.203300 0.000000
3.000000 466.207214 453.066589 555.011353 715.158020 0.199838 0.000000
3.000000 1891.434570 436.662506 1919.398926 642.731934 0.192793 0.000000
3.000000 936.304688 434.731476 971.716919 515.629639 0.189707 0.000000
3.000000 1877.944824 396.494659 1919.262939 645.479492 0.177148 0.000000
3.000000 1855.799316 456.011810 1919.541016 656.445312 0.170158 0.000000
3.000000 692.432007 464.279205 740.311157 604.579590 0.149647 0.000000
3.000000 970.463379 454.625153 1013.984253 531.222656 0.130449 0.000000
3.000000 1828.582031 478.601532 1892.154053 635.688843 0.120997 0.000000
3.000000 917.631592 434.171173 977.755005 586.000244 0.115020 0.000000
3.000000 1669.303711 450.828186 1714.962158 586.640015 0.094284 0.000000
3.000000 656.795776 450.555176 702.110718 625.153931 0.091345 0.000000
3.000000 1006.206848 425.049133 1048.923096 527.276733 0.089402 0.000000
3.000000 1099.163452 442.180359 1137.040283 567.167419 0.081412 0.000000
3.000000 709.901184 456.457123 755.866333 572.222290 0.081083 0.000000
3.000000 1838.445068 478.020386 1885.170166 597.287964 0.077677 0.000000
3.000000 1303.878418 419.964661 1347.234863 549.601135 0.076847 0.000000
3.000000 805.548706 477.742950 834.630615 545.959595 0.076578 0.000000
3.000000 1672.984131 417.110596 1788.635742 636.801270 0.074573 0.000000
3.000000 1082.489990 464.042633 1129.449951 593.042847 0.074253 0.000000
3.000000 542.075439 448.703339 587.369263 516.891479 0.063713 0.000000
3.000000 1050.840820 482.562103 1093.842407 567.050415 0.063175 0.000000
3.000000 837.285095 469.492401 880.760559 547.698975 0.061470 0.000000
3.000000 695.848511 453.914490 734.494751 510.672852 0.061239 0.000000
3.000000 655.789917 451.062561 696.681519 524.373962 0.057568 0.000000
3.000000 1075.017822 472.420776 1102.080688 582.038574 0.056111 0.000000
3.000000 539.603577 437.037689 583.579834 507.495392 0.053920 0.000000
3.000000 1373.327148 433.750610 1398.229492 498.399780 0.051376 0.000000
3.000000 966.744507 464.127045 1015.238892 552.863770 0.049644 0.000000
3.000000 543.261230 455.231598 588.608215 554.667480 0.049516 0.000000
3.000000 1544.291748 427.734192 1586.012695 533.764526 0.047469 0.000000
3.000000 697.941284 451.989349 736.326416 570.403198 0.046696 0.000000
3.000000 914.663269 513.738770 982.860535 587.163269 0.045083 0.000000
3.000000 1479.521484 447.385162 1535.347900 553.746948 0.044581 0.000000
3.000000 1674.688110 442.432251 1756.777222 587.405151 0.044146 0.000000
3.000000 1053.816406 477.895813 1093.546631 545.806946 0.042580 0.000000
3.000000 826.165100 474.976044 853.674133 549.527222 0.042456 0.000000
3.000000 655.841919 449.684875 695.017944 500.231323 0.041719 0.000000
3.000000 940.719116 442.418427 976.790894 521.572144 0.040291 0.000000
3.000000 966.429749 451.474182 999.861511 531.387268 0.035930 0.000000
3.000000 1880.862793 410.091064 1919.266602 503.730286 0.034741 0.000000
3.000000 999.395874 427.628357 1065.806763 547.552551 0.032552 0.000000
3.000000 1067.748413 449.999725 1091.123535 507.432404 0.032473 0.000000
3.000000 916.436096 459.468109 1004.684509 586.322388 0.031751 0.000000
3.000000 800.957642 473.788086 833.657104 533.803650 0.030558 0.000000
3.000000 870.800903 475.807800 906.617065 554.089233 0.029688 0.000000
3.000000 1480.736572 444.275208 1563.548096 557.023499 0.029371 0.000000
3.000000 1699.622681 450.417023 1782.010254 519.458008 0.028856 0.000000
3.000000 1255.687134 418.989990 1314.474976 552.340942 0.028386 0.000000
3.000000 788.149475 455.600830 824.382751 508.139282 0.027518 0.000000
3.000000 1701.588135 449.124023 1784.109375 563.454712 0.025808 0.000000
3.000000 1535.541992 437.821655 1578.618408 544.147705 0.024980 0.000000
3.000000 1064.773315 467.500305 1100.887939 561.097412 0.024430 0.000000
3.000000 1541.072388 432.309540 1579.935425 523.801147 0.023179 0.000000
3.000000 532.244019 453.385193 563.187744 511.224121 0.022910 0.000000
3.000000 1060.774292 445.272217 1091.650269 522.580627 0.022388 0.000000
3.000000 670.226135 454.763397 714.449402 612.611450 0.021754 0.000000
3.000000 970.923340 515.410400 1062.622559 574.911255 0.019091 0.000000
3.000000 1481.119019 446.387238 1522.354004 548.377808 0.018662 0.000000
3.000000 1060.037598 437.348083 1076.339722 505.856384 0.018067 0.000000
3.000000 1834.986328 391.518494 1918.937256 644.353088 0.018020 0.000000
3.000000 505.268188 470.379272 555.562683 653.746399 0.018010 0.000000
3.000000 528.692810 481.861267 563.103760 553.283447 0.017927 0.000000
3.000000 1375.065674 415.348877 1413.061890 508.604309 0.016791 0.000000
3.000000 1291.360352 424.137726 1316.693359 547.027466 0.016752 0.000000
3.000000 1509.247070 464.189117 1584.460938 761.136963 0.016657 0.000000
3.000000 877.039062 468.122498 910.129639 554.403809 0.015884 0.000000
3.000000 883.245728 455.479980 911.645264 556.396545 0.015658 0.000000
3.000000 1072.072754 441.645325 1096.033691 494.828491 0.015599 0.000000
3.000000 782.214111 456.354675 808.431702 493.067047 0.013973 0.000000
3.000000 1019.202515 461.882446 1068.370850 548.346497 0.013949 0.000000
3.000000 539.439819 441.798706 573.632568 554.646973 0.013366 0.000000
3.000000 841.699219 475.665161 889.908325 562.261780 0.011813 0.000000
3.000000 1376.542236 423.710541 1414.800293 490.194855 0.011494 0.000000
3.000000 545.053894 436.905273 607.597961 509.006897 0.011372 0.000000
3.000000 1535.779053 418.511444 1582.583130 516.735107 0.011207 0.000000
3.000000 475.247192 481.235413 551.966736 685.851379 0.011005 0.000000
3.000000 1791.168945 393.480469 1845.791504 456.418030 0.010192 0.000000
3.000000 912.795593 453.993225 973.984863 569.716980 0.010047 0.000000
4.000000 1347.804688 421.748566 1526.913818 800.918823 0.880898 0.000000
4.000000 582.462952 447.743896 675.653198 708.438843 0.834118 0.000000
4.000000 435.156738 441.712097 561.282471 721.237976 0.743286 0.000000
4.000000 1484.783447 428.618500 1597.271240 769.412964 0.736678 0.000000
4.000000 733.095703 461.592682 770.066895 570.937317 0.500567 0.000000
4.000000 1255.747559 432.707397 1294.339966 547.748230 0.342815 0.000000
4.000000 654.638489 456.109497 720.353760 644.103882 0.246191 0.000000
4.000000 692.724792 463.574097 742.509521 604.125488 0.224884 0.000000
4.000000 1090.558105 440.605225 1137.206787 584.954590 0.224404 0.000000
4.000000 463.565094 451.618469 555.206543 719.927124 0.204222 0.000000
4.000000 1014.992432 425.799133 1057.222412 530.429199 0.203959 0.000000
4.000000 936.441406 434.927399 972.077515 517.053711 0.188792 0.000000
4.000000 1893.189697 446.596710 1919.392822 641.796143 0.180261 0.000000
4.000000 1879.048462 397.522949 1919.256226 642.976562 0.156760 0.000000
4.000000 1674.143311 415.447815 1788.103760 638.350159 0.154570 0.000000
4.000000 1855.799927 462.825256 1919.559448 656.295593 0.152008 0.000000
4.000000 666.078857 467.768921 717.135986 633.523560 0.150549 0.000000
4.000000 1858.186768 386.985474 1919.552979 653.298950 0.142500 0.000000
4.000000 655.528320 449.808289 701.936890 627.500244 0.140641 0.000000
4.000000 917.755005 434.316193 978.661377 586.147583 0.118884 0.000000
4.000000 1829.067261 478.967834 1895.465332 635.952148 0.114636 0.000000
4.000000 971.455688 454.796936 1013.729614 532.284790 0.112729 0.000000
4.000000 1303.706055 418.807617 1347.571045 548.497742 0.106735 0.000000
4.000000 1005.770142 423.768127 1049.092163 527.605591 0.095924 0.000000
4.000000 696.874390 453.582733 735.043213 527.968018 0.089050 0.000000
4.000000 1670.401611 447.877167 1715.113037 585.988281 0.081011 0.000000
4.000000 806.338867 478.163818 834.785400 547.288330 0.080990 0.000000
4.000000 696.400696 455.909912 740.140564 578.646484 0.079808 0.000000
4.000000 655.239929 450.559296 695.854858 523.448242 0.076440 0.000000
4.000000 1839.132202 478.632874 1885.701050 564.688171 0.063296 0.000000
4.000000 1049.865234 484.786011 1093.983398 560.867065 0.058538 0.000000
4.000000 837.487244 470.183899 879.650574 548.825684 0.057773 0.000000
4.000000 1486.035889 451.921967 1524.481445 544.752563 0.055129 0.000000
4.000000 1076.965942 481.410400 1127.849487 580.195435 0.054498 0.000000
4.000000 915.426453 497.630768 984.289673 587.382202 0.053101 0.000000
4.000000 1485.821045 456.948486 1538.694946 551.961792 0.050955 0.000000
4.000000 1072.047607 474.186310 1101.437378 578.884399 0.049843 0.000000
4.000000 826.034546 475.203125 854.406372 550.160583 0.045140 0.000000
4.000000 541.830872 453.458679 585.126160 512.783569 0.044042 0.000000
4.000000 1052.561279 480.377014 1093.613159 541.673584 0.040376 0.000000
4.000000 1487.954224 445.719818 1573.052856 552.198730 0.040309 0.000000
4.000000 967.512451 460.362854 1015.984863 553.704163 0.036984 0.000000
4.000000 512.687744 466.752136 560.637207 653.632141 0.036466 0.000000
4.000000 538.657593 437.789154 583.319702 508.522980 0.035506 0.000000
4.000000 1881.798706 407.913300 1919.259155 509.198639 0.034986 0.000000
4.000000 873.270874 475.312408 906.086548 553.266846 0.034833 0.000000
4.000000 966.033569 448.468140 999.913086 533.983521 0.033679 0.000000
4.000000 1673.352051 438.211761 1751.993164 587.150635 0.032864 0.000000
4.000000 1000.998962 427.249329 1063.655640 543.077271 0.032410 0.000000
4.000000 916.105042 475.590454 999.546936 587.559448 0.032197 0.000000
4.000000 1067.482666 447.808716 1091.919678 509.440735 0.032057 0.000000
4.000000 654.156128 448.875458 692.179810 500.449310 0.031962 0.000000
4.000000 429.905823 451.413300 537.076904 697.507812 0.030347 0.000000
4.000000 801.086670 473.294861 833.419434 536.518982 0.028807 0.000000
4.000000 532.374207 458.588837 561.269714 508.350861 0.027634 0.000000
4.000000 781.223877 453.077545 819.801636 507.241241 0.025642 0.000000
4.000000 1375.126221 429.043762 1407.418457 515.789612 0.023953 0.000000
4.000000 1061.382080 467.474365 1110.255127 566.766296 0.023451 0.000000
4.000000 671.433960 454.249695 712.011841 604.751953 0.023434 0.000000
4.000000 1551.411133 434.633698 1583.672119 538.270508 0.023331 0.000000
4.000000 543.820801 465.618988 587.534424 547.439453 0.022904 0.000000
4.000000 842.138306 470.664917 887.556335 556.613342 0.022261 0.000000
4.000000 1059.806519 444.870483 1091.615356 523.364380 0.020788 0.000000
4.000000 1061.051514 435.950134 1077.965576 508.623688 0.020362 0.000000
4.000000 1043.914062 490.408508 1097.941895 580.989502 0.020206 0.000000
4.000000 1291.819092 421.041504 1316.340332 545.953857 0.019541 0.000000
4.000000 1072.111450 439.566559 1096.339600 494.642670 0.019311 0.000000
4.000000 697.398743 449.219788 734.353394 501.540253 0.019152 0.000000
4.000000 1258.060181 418.344971 1313.865234 551.911133 0.018652 0.000000
4.000000 1833.723999 391.464935 1918.149536 646.993408 0.018126 0.000000
4.000000 527.107666 482.537048 563.168701 554.911804 0.016432 0.000000
4.000000 881.264099 459.541077 910.546692 557.576294 0.016259 0.000000
4.000000 544.697998 451.457153 605.968506 512.838501 0.015458 0.000000
4.000000 1498.117676 424.669067 1573.441772 540.923462 0.015333 0.000000
4.000000 781.988892 455.546722 808.244019 491.402252 0.014603 0.000000
4.000000 413.872864 461.667023 458.397156 604.697144 0.013848 0.000000
4.000000 1023.087402 466.467133 1071.042725 546.831177 0.013266 0.000000
4.000000 1377.146118 438.579163 1416.265869 511.519684 0.012966 0.000000
4.000000 412.975647 453.494385 457.868713 523.759460 0.012924 0.000000
4.000000 975.986755 513.168335 1064.153687 571.947632 0.012871 0.000000
4.000000 521.750122 480.836304 563.504272 630.232849 0.011844 0.000000
4.000000 528.691406 435.273102 563.356201 499.816498 0.011087 0.000000
4.000000 877.483154 457.482239 904.126099 549.769043 0.010506 0.000000
