1.000000000000000000e+00,1.000000000000000000e+00,9.120000000000000000e+02,4.840000000000000000e+02,9.700000000000000000e+01,1.090000000000000000e+02,0.000000000000000000e+00,7.000000000000000000e+00,1.000000000000000000e+00
2.000000000000000000e+00,1.000000000000000000e+00,9.120000000000000000e+02,4.840000000000000000e+02,9.700000000000000000e+01,1.090000000000000000e+02,0.000000000000000000e+00,7.000000000000000000e+00,1.000000000000000000e+00
3.000000000000000000e+00,1.000000000000000000e+00,9.120000000000000000e+02,4.840000000000000000e+02,9.700000000000000000e+01,1.090000000000000000e+02,0.000000000000000000e+00,7.000000000000000000e+00,1.000000000000000000e+00
4.000000000000000000e+00,1.000000000000000000e+00,9.120000000000000000e+02,4.840000000000000000e+02,9.700000000000000000e+01,1.090000000000000000e+02,0.000000000000000000e+00,7.000000000000000000e+00,1.000000000000000000e+00
1.000000000000000000e+00,2.000000000000000000e+00,1.338000000000000000e+03,4.180000000000000000e+02,1.670000000000000000e+02,3.790000000000000000e+02,1.000000000000000000e+00,1.000000000000000000e+00,1.000000000000000000e+00
2.000000000000000000e+00,2.000000000000000000e+00,1.342000000000000000e+03,4.170000000000000000e+02,1.680000000000000000e+02,3.800000000000000000e+02,1.000000000000000000e+00,1.000000000000000000e+00,1.000000000000000000e+00
3.000000000000000000e+00,2.000000000000000000e+00,1.346000000000000000e+03,4.170000000000000000e+02,1.700000000000000000e+02,3.800000000000000000e+02,1.000000000000000000e+00,1.000000000000000000e+00,1.000000000000000000e+00
4.000000000000000000e+00,2.000000000000000000e+00,1.351000000000000000e+03,4.170000000000000000e+02,1.710000000000000000e+02,3.810000000000000000e+02,1.000000000000000000e+00,1.000000000000000000e+00,1.000000000000000000e+00
1.000000000000000000e+00,3.000000000000000000e+00,5.860000000000000000e+02,4.470000000000000000e+02,8.500000000000000000e+01,2.630000000000000000e+02,1.000000000000000000e+00,1.000000000000000000e+00,1.000000000000000000e+00
2.000000000000000000e+00,3.000000000000000000e+00,5.860000000000000000e+02,4.460000000000000000e+02,8.500000000000000000e+01,2.640000000000000000e+02,1.000000000000000000e+00,1.000000000000000000e+00,1.000000000000000000e+00
3.000000000000000000e+00,3.000000000000000000e+00,5.860000000000000000e+02,4.460000000000000000e+02,8.500000000000000000e+01,2.640000000000000000e+02,1.000000000000000000e+00,1.000000000000000000e+00,1.000000000000000000e+00
4.000000000000000000e+00,3.000000000000000000e+00,5.860000000000000000e+02,4.460000000000000000e+02,8.500000000000000000e+01,2.640000000000000000e+02,1.000000000000000000e+00,1.000000000000000000e+00,1.000000000000000000e+00
1.000000000000000000e+00,4.000000000000000000e+00,1.585000000000000000e+03,-1.000000000000000000e+00,3.360000000000000000e+02,5.780000000000000000e+02,0.000000000000000000e+00,9.000000000000000000e+00,9.815300000000000136e-01
2.000000000000000000e+00,4.000000000000000000e+00,1.585000000000000000e+03,-1.000000000000000000e+00,3.360000000000000000e+02,5.780000000000000000e+02,0.000000000000000000e+00,9.000000000000000000e+00,9.777700000000000280e-01
3.000000000000000000e+00,4.000000000000000000e+00,1.585000000000000000e+03,-1.000000000000000000e+00,3.360000000000000000e+02,5.780000000000000000e+02,0.000000000000000000e+00,9.000000000000000000e+00,9.739999999999999769e-01
4.000000000000000000e+00,4.000000000000000000e+00,1.585000000000000000e+03,-1.000000000000000000e+00,3.360000000000000000e+02,5.780000000000000000e+02,0.000000000000000000e+00,9.000000000000000000e+00,9.702300000000000368e-01
1.000000000000000000e+00,5.000000000000000000e+00,1.163000000000000000e+03,4.410000000000000000e+02,3.300000000000000000e+01,8.900000000000000000e+01,0.000000000000000000e+00,8.000000000000000000e+00,1.000000000000000000e+00
2.000000000000000000e+00,5.000000000000000000e+00,1.163000000000000000e+03,4.410000000000000000e+02,3.300000000000000000e+01,8.900000000000000000e+01,0.000000000000000000e+00,8.000000000000000000e+00,1.000000000000000000e+00
3.000000000000000000e+00,5.000000000000000000e+00,1.163000000000000000e+03,4.410000000000000000e+02,3.300000000000000000e+01,8.900000000000000000e+01,0.000000000000000000e+00,8.000000000000000000e+00,1.000000000000000000e+00
4.000000000000000000e+00,5.000000000000000000e+00,1.163000000000000000e+03,4.410000000000000000e+02,3.300000000000000000e+01,8.900000000000000000e+01,0.000000000000000000e+00,8.000000000000000000e+00,1.000000000000000000e+00
1.000000000000000000e+00,6.000000000000000000e+00,1.308000000000000000e+03,4.310000000000000000e+02,3.400000000000000000e+01,1.180000000000000000e+02,0.000000000000000000e+00,8.000000000000000000e+00,8.571400000000000130e-01
2.000000000000000000e+00,6.000000000000000000e+00,1.308000000000000000e+03,4.310000000000000000e+02,3.400000000000000000e+01,1.180000000000000000e+02,0.000000000000000000e+00,8.000000000000000000e+00,9.714300000000000157e-01
3.000000000000000000e+00,6.000000000000000000e+00,1.308000000000000000e+03,4.310000000000000000e+02,3.400000000000000000e+01,1.180000000000000000e+02,0.000000000000000000e+00,8.000000000000000000e+00,1.000000000000000000e+00
4.000000000000000000e+00,6.000000000000000000e+00,1.308000000000000000e+03,4.310000000000000000e+02,3.400000000000000000e+01,1.180000000000000000e+02,0.000000000000000000e+00,8.000000000000000000e+00,1.000000000000000000e+00
1.000000000000000000e+00,8.000000000000000000e+00,1.416000000000000000e+03,4.310000000000000000e+02,1.840000000000000000e+02,3.360000000000000000e+02,1.000000000000000000e+00,1.000000000000000000e+00,5.135100000000000220e-01
2.000000000000000000e+00,8.000000000000000000e+00,1.422000000000000000e+03,4.310000000000000000e+02,1.830000000000000000e+02,3.370000000000000000e+02,1.000000000000000000e+00,1.000000000000000000e+00,5.162999999999999812e-01
3.000000000000000000e+00,8.000000000000000000e+00,1.428000000000000000e+03,4.310000000000000000e+02,1.820000000000000000e+02,3.380000000000000000e+02,1.000000000000000000e+00,1.000000000000000000e+00,5.136600000000000055e-01
4.000000000000000000e+00,8.000000000000000000e+00,1.434000000000000000e+03,4.310000000000000000e+02,1.810000000000000000e+02,3.390000000000000000e+02,1.000000000000000000e+00,1.000000000000000000e+00,5.109900000000000553e-01
1.000000000000000000e+00,9.000000000000000000e+00,1.056000000000000000e+03,4.840000000000000000e+02,3.600000000000000000e+01,1.100000000000000000e+02,1.000000000000000000e+00,1.000000000000000000e+00,9.459499999999999575e-01
2.000000000000000000e+00,9.000000000000000000e+00,1.055000000000000000e+03,4.830000000000000000e+02,3.600000000000000000e+01,1.100000000000000000e+02,1.000000000000000000e+00,1.000000000000000000e+00,9.464299999999999935e-01
3.000000000000000000e+00,9.000000000000000000e+00,1.055000000000000000e+03,4.830000000000000000e+02,3.600000000000000000e+01,1.100000000000000000e+02,1.000000000000000000e+00,1.000000000000000000e+00,9.464299999999999935e-01
4.000000000000000000e+00,9.000000000000000000e+00,1.055000000000000000e+03,4.830000000000000000e+02,3.600000000000000000e+01,1.100000000000000000e+02,1.000000000000000000e+00,1.000000000000000000e+00,9.464299999999999935e-01
1.000000000000000000e+00,1.000000000000000000e+01,1.091000000000000000e+03,4.840000000000000000e+02,3.100000000000000000e+01,1.150000000000000000e+02,1.000000000000000000e+00,1.000000000000000000e+00,1.000000000000000000e+00
2.000000000000000000e+00,1.000000000000000000e+01,1.090000000000000000e+03,4.840000000000000000e+02,3.200000000000000000e+01,1.140000000000000000e+02,1.000000000000000000e+00,1.000000000000000000e+00,1.000000000000000000e+00
3.000000000000000000e+00,1.000000000000000000e+01,1.090000000000000000e+03,4.840000000000000000e+02,3.200000000000000000e+01,1.140000000000000000e+02,1.000000000000000000e+00,1.000000000000000000e+00,1.000000000000000000e+00
4.000000000000000000e+00,1.000000000000000000e+01,1.090000000000000000e+03,4.840000000000000000e+02,3.200000000000000000e+01,1.140000000000000000e+02,1.000000000000000000e+00,1.000000000000000000e+00,1.000000000000000000e+00
1.000000000000000000e+00,1.100000000000000000e+01,7.340000000000000000e+02,4.870000000000000000e+02,2.900000000000000000e+01,6.800000000000000000e+01,0.000000000000000000e+00,2.000000000000000000e+00,3.188400000000000123e-01
2.000000000000000000e+00,1.100000000000000000e+01,7.330000000000000000e+02,4.870000000000000000e+02,3.000000000000000000e+01,6.800000000000000000e+01,0.000000000000000000e+00,2.000000000000000000e+00,3.188400000000000123e-01
3.000000000000000000e+00,1.100000000000000000e+01,7.330000000000000000e+02,4.870000000000000000e+02,3.000000000000000000e+01,6.900000000000000000e+01,0.000000000000000000e+00,2.000000000000000000e+00,3.142900000000000138e-01
4.000000000000000000e+00,1.100000000000000000e+01,7.320000000000000000e+02,4.870000000000000000e+02,3.100000000000000000e+01,6.900000000000000000e+01,0.000000000000000000e+00,2.000000000000000000e+00,3.142900000000000138e-01
1.000000000000000000e+00,1.200000000000000000e+01,6.790000000000000000e+02,4.920000000000000000e+02,5.300000000000000000e+01,1.050000000000000000e+02,0.000000000000000000e+00,2.000000000000000000e+00,3.057300000000000018e-01
2.000000000000000000e+00,1.200000000000000000e+01,6.790000000000000000e+02,4.920000000000000000e+02,5.200000000000000000e+01,1.050000000000000000e+02,0.000000000000000000e+00,2.000000000000000000e+00,2.926300000000000012e-01
3.000000000000000000e+00,1.200000000000000000e+01,6.790000000000000000e+02,4.920000000000000000e+02,5.200000000000000000e+01,1.050000000000000000e+02,0.000000000000000000e+00,2.000000000000000000e+00,2.862199999999999744e-01
4.000000000000000000e+00,1.200000000000000000e+01,6.790000000000000000e+02,4.920000000000000000e+02,5.200000000000000000e+01,1.050000000000000000e+02,0.000000000000000000e+00,2.000000000000000000e+00,2.862199999999999744e-01
1.000000000000000000e+00,1.300000000000000000e+01,7.380000000000000000e+02,4.580000000000000000e+02,2.700000000000000000e+01,7.500000000000000000e+01,0.000000000000000000e+00,2.000000000000000000e+00,3.985000000000000209e-01
2.000000000000000000e+00,1.300000000000000000e+01,7.370000000000000000e+02,4.570000000000000000e+02,2.700000000000000000e+01,7.500000000000000000e+01,0.000000000000000000e+00,2.000000000000000000e+00,4.027299999999999769e-01
3.000000000000000000e+00,1.300000000000000000e+01,7.370000000000000000e+02,4.570000000000000000e+02,2.700000000000000000e+01,7.500000000000000000e+01,0.000000000000000000e+00,2.000000000000000000e+00,4.027299999999999769e-01
4.000000000000000000e+00,1.300000000000000000e+01,7.370000000000000000e+02,4.570000000000000000e+02,2.700000000000000000e+01,7.500000000000000000e+01,0.000000000000000000e+00,2.000000000000000000e+00,4.027299999999999769e-01
1.000000000000000000e+00,1.400000000000000000e+01,1.255000000000000000e+03,4.470000000000000000e+02,3.300000000000000000e+01,1.000000000000000000e+02,1.000000000000000000e+00,1.000000000000000000e+00,1.000000000000000000e+00
2.000000000000000000e+00,1.400000000000000000e+01,1.255000000000000000e+03,4.470000000000000000e+02,3.300000000000000000e+01,1.000000000000000000e+02,1.000000000000000000e+00,1.000000000000000000e+00,1.000000000000000000e+00
3.000000000000000000e+00,1.400000000000000000e+01,1.255000000000000000e+03,4.470000000000000000e+02,3.300000000000000000e+01,1.000000000000000000e+02,1.000000000000000000e+00,1.000000000000000000e+00,1.000000000000000000e+00
4.000000000000000000e+00,1.400000000000000000e+01,1.255000000000000000e+03,4.470000000000000000e+02,3.300000000000000000e+01,1.000000000000000000e+02,1.000000000000000000e+00,1.000000000000000000e+00,1.000000000000000000e+00
1.000000000000000000e+00,1.500000000000000000e+01,1.016000000000000000e+03,4.300000000000000000e+02,4.000000000000000000e+01,1.160000000000000000e+02,1.000000000000000000e+00,1.000000000000000000e+00,9.868700000000000250e-01
2.000000000000000000e+00,1.500000000000000000e+01,1.015000000000000000e+03,4.300000000000000000e+02,4.000000000000000000e+01,1.160000000000000000e+02,1.000000000000000000e+00,1.000000000000000000e+00,9.866599999999999815e-01
3.000000000000000000e+00,1.500000000000000000e+01,1.015000000000000000e+03,4.300000000000000000e+02,4.000000000000000000e+01,1.160000000000000000e+02,1.000000000000000000e+00,1.000000000000000000e+00,9.866599999999999815e-01
4.000000000000000000e+00,1.500000000000000000e+01,1.015000000000000000e+03,4.310000000000000000e+02,4.000000000000000000e+01,1.160000000000000000e+02,1.000000000000000000e+00,1.000000000000000000e+00,9.864500000000000490e-01
1.000000000000000000e+00,1.700000000000000000e+01,1.101000000000000000e+03,4.410000000000000000e+02,3.800000000000000000e+01,1.080000000000000000e+02,1.000000000000000000e+00,1.000000000000000000e+00,6.584299999999999597e-01
2.000000000000000000e+00,1.700000000000000000e+01,1.100000000000000000e+03,4.400000000000000000e+02,3.800000000000000000e+01,1.080000000000000000e+02,1.000000000000000000e+00,1.000000000000000000e+00,6.483200000000000074e-01
3.000000000000000000e+00,1.700000000000000000e+01,1.100000000000000000e+03,4.400000000000000000e+02,3.800000000000000000e+01,1.080000000000000000e+02,1.000000000000000000e+00,1.000000000000000000e+00,6.483200000000000074e-01
4.000000000000000000e+00,1.700000000000000000e+01,1.100000000000000000e+03,4.400000000000000000e+02,3.800000000000000000e+01,1.080000000000000000e+02,1.000000000000000000e+00,1.000000000000000000e+00,6.483200000000000074e-01
1.000000000000000000e+00,1.800000000000000000e+01,9.350000000000000000e+02,4.360000000000000000e+02,4.200000000000000000e+01,1.140000000000000000e+02,1.000000000000000000e+00,1.000000000000000000e+00,4.173899999999999832e-01
2.000000000000000000e+00,1.800000000000000000e+01,9.340000000000000000e+02,4.350000000000000000e+02,4.200000000000000000e+01,1.140000000000000000e+02,1.000000000000000000e+00,1.000000000000000000e+00,4.260900000000000243e-01
3.000000000000000000e+00,1.800000000000000000e+01,9.340000000000000000e+02,4.350000000000000000e+02,4.200000000000000000e+01,1.140000000000000000e+02,1.000000000000000000e+00,1.000000000000000000e+00,4.260900000000000243e-01
4.000000000000000000e+00,1.800000000000000000e+01,9.340000000000000000e+02,4.350000000000000000e+02,4.200000000000000000e+01,1.140000000000000000e+02,1.000000000000000000e+00,1.000000000000000000e+00,4.260900000000000243e-01
1.000000000000000000e+00,1.900000000000000000e+01,4.420000000000000000e+02,4.460000000000000000e+02,1.050000000000000000e+02,2.830000000000000000e+02,1.000000000000000000e+00,1.000000000000000000e+00,1.000000000000000000e+00
2.000000000000000000e+00,1.900000000000000000e+01,4.420000000000000000e+02,4.460000000000000000e+02,1.070000000000000000e+02,2.820000000000000000e+02,1.000000000000000000e+00,1.000000000000000000e+00,1.000000000000000000e+00
3.000000000000000000e+00,1.900000000000000000e+01,4.420000000000000000e+02,4.460000000000000000e+02,1.090000000000000000e+02,2.820000000000000000e+02,1.000000000000000000e+00,1.000000000000000000e+00,1.000000000000000000e+00
4.000000000000000000e+00,1.900000000000000000e+01,4.420000000000000000e+02,4.460000000000000000e+02,1.110000000000000000e+02,2.820000000000000000e+02,1.000000000000000000e+00,1.000000000000000000e+00,1.000000000000000000e+00
1.000000000000000000e+00,2.000000000000000000e+01,6.360000000000000000e+02,4.580000000000000000e+02,6.100000000000000000e+01,1.870000000000000000e+02,1.000000000000000000e+00,1.000000000000000000e+00,4.193500000000000005e-01
2.000000000000000000e+00,2.000000000000000000e+01,6.360000000000000000e+02,4.580000000000000000e+02,6.100000000000000000e+01,1.870000000000000000e+02,1.000000000000000000e+00,1.000000000000000000e+00,4.193500000000000005e-01
3.000000000000000000e+00,2.000000000000000000e+01,6.360000000000000000e+02,4.580000000000000000e+02,6.200000000000000000e+01,1.870000000000000000e+02,1.000000000000000000e+00,1.000000000000000000e+00,4.285700000000000065e-01
4.000000000000000000e+00,2.000000000000000000e+01,6.370000000000000000e+02,4.580000000000000000e+02,6.100000000000000000e+01,1.870000000000000000e+02,1.000000000000000000e+00,1.000000000000000000e+00,4.354799999999999782e-01
1.000000000000000000e+00,2.100000000000000000e+01,1.364000000000000000e+03,4.340000000000000000e+02,5.100000000000000000e+01,1.240000000000000000e+02,1.000000000000000000e+00,1.000000000000000000e+00,0.000000000000000000e+00
2.000000000000000000e+00,2.100000000000000000e+01,1.365000000000000000e+03,4.340000000000000000e+02,5.200000000000000000e+01,1.240000000000000000e+02,1.000000000000000000e+00,1.000000000000000000e+00,0.000000000000000000e+00
3.000000000000000000e+00,2.100000000000000000e+01,1.366000000000000000e+03,4.340000000000000000e+02,5.400000000000000000e+01,1.240000000000000000e+02,1.000000000000000000e+00,1.000000000000000000e+00,0.000000000000000000e+00
4.000000000000000000e+00,2.100000000000000000e+01,1.368000000000000000e+03,4.350000000000000000e+02,5.500000000000000000e+01,1.240000000000000000e+02,1.000000000000000000e+00,1.000000000000000000e+00,0.000000000000000000e+00
1.000000000000000000e+00,2.200000000000000000e+01,1.478000000000000000e+03,4.340000000000000000e+02,6.300000000000000000e+01,1.240000000000000000e+02,1.000000000000000000e+00,1.000000000000000000e+00,0.000000000000000000e+00
2.000000000000000000e+00,2.200000000000000000e+01,1.480000000000000000e+03,4.330000000000000000e+02,6.200000000000000000e+01,1.250000000000000000e+02,1.000000000000000000e+00,1.000000000000000000e+00,0.000000000000000000e+00
3.000000000000000000e+00,2.200000000000000000e+01,1.483000000000000000e+03,4.330000000000000000e+02,6.000000000000000000e+01,1.250000000000000000e+02,1.000000000000000000e+00,1.000000000000000000e+00,0.000000000000000000e+00
4.000000000000000000e+00,2.200000000000000000e+01,1.486000000000000000e+03,4.330000000000000000e+02,5.900000000000000000e+01,1.260000000000000000e+02,1.000000000000000000e+00,1.000000000000000000e+00,0.000000000000000000e+00
1.000000000000000000e+00,2.300000000000000000e+01,4.730000000000000000e+02,4.600000000000000000e+02,8.900000000000000000e+01,2.490000000000000000e+02,1.000000000000000000e+00,1.000000000000000000e+00,1.666700000000000126e-01
2.000000000000000000e+00,2.300000000000000000e+01,4.730000000000000000e+02,4.600000000000000000e+02,8.900000000000000000e+01,2.490000000000000000e+02,1.000000000000000000e+00,1.000000000000000000e+00,1.444400000000000128e-01
3.000000000000000000e+00,2.300000000000000000e+01,4.740000000000000000e+02,4.600000000000000000e+02,8.900000000000000000e+01,2.490000000000000000e+02,1.000000000000000000e+00,1.000000000000000000e+00,1.333300000000000041e-01
4.000000000000000000e+00,2.300000000000000000e+01,4.750000000000000000e+02,4.600000000000000000e+02,8.900000000000000000e+01,2.490000000000000000e+02,1.000000000000000000e+00,1.000000000000000000e+00,1.222199999999999953e-01
1.000000000000000000e+00,2.400000000000000000e+01,8.350000000000000000e+02,4.730000000000000000e+02,5.200000000000000000e+01,7.500000000000000000e+01,0.000000000000000000e+00,7.000000000000000000e+00,1.000000000000000000e+00
2.000000000000000000e+00,2.400000000000000000e+01,8.350000000000000000e+02,4.730000000000000000e+02,5.200000000000000000e+01,7.500000000000000000e+01,0.000000000000000000e+00,7.000000000000000000e+00,1.000000000000000000e+00
3.000000000000000000e+00,2.400000000000000000e+01,8.350000000000000000e+02,4.730000000000000000e+02,5.200000000000000000e+01,7.500000000000000000e+01,0.000000000000000000e+00,7.000000000000000000e+00,1.000000000000000000e+00
4.000000000000000000e+00,2.400000000000000000e+01,8.350000000000000000e+02,4.730000000000000000e+02,5.200000000000000000e+01,7.500000000000000000e+01,0.000000000000000000e+00,7.000000000000000000e+00,1.000000000000000000e+00
1.000000000000000000e+00,2.500000000000000000e+01,7.960000000000000000e+02,4.760000000000000000e+02,5.500000000000000000e+01,6.000000000000000000e+01,0.000000000000000000e+00,7.000000000000000000e+00,6.964299999999999935e-01
2.000000000000000000e+00,2.500000000000000000e+01,7.960000000000000000e+02,4.760000000000000000e+02,5.500000000000000000e+01,6.000000000000000000e+01,0.000000000000000000e+00,7.000000000000000000e+00,6.964299999999999935e-01
3.000000000000000000e+00,2.500000000000000000e+01,7.960000000000000000e+02,4.760000000000000000e+02,5.500000000000000000e+01,6.000000000000000000e+01,0.000000000000000000e+00,7.000000000000000000e+00,6.964299999999999935e-01
4.000000000000000000e+00,2.500000000000000000e+01,7.960000000000000000e+02,4.760000000000000000e+02,5.500000000000000000e+01,6.000000000000000000e+01,0.000000000000000000e+00,7.000000000000000000e+00,6.964299999999999935e-01
1.000000000000000000e+00,2.600000000000000000e+01,5.480000000000000000e+02,4.650000000000000000e+02,3.500000000000000000e+01,9.300000000000000000e+01,1.000000000000000000e+00,1.000000000000000000e+00,5.277800000000000269e-01
2.000000000000000000e+00,2.600000000000000000e+01,5.470000000000000000e+02,4.640000000000000000e+02,3.500000000000000000e+01,9.300000000000000000e+01,1.000000000000000000e+00,1.000000000000000000e+00,5.277800000000000269e-01
3.000000000000000000e+00,2.600000000000000000e+01,5.470000000000000000e+02,4.640000000000000000e+02,3.500000000000000000e+01,9.300000000000000000e+01,1.000000000000000000e+00,1.000000000000000000e+00,5.000000000000000000e-01
4.000000000000000000e+00,2.600000000000000000e+01,5.470000000000000000e+02,4.640000000000000000e+02,3.500000000000000000e+01,9.300000000000000000e+01,1.000000000000000000e+00,1.000000000000000000e+00,4.722199999999999731e-01
1.000000000000000000e+00,3.000000000000000000e+01,3.760000000000000000e+02,4.460000000000000000e+02,4.100000000000000000e+01,1.040000000000000000e+02,0.000000000000000000e+00,7.000000000000000000e+00,1.000000000000000000e+00
2.000000000000000000e+00,3.000000000000000000e+01,3.750000000000000000e+02,4.460000000000000000e+02,4.100000000000000000e+01,1.040000000000000000e+02,0.000000000000000000e+00,7.000000000000000000e+00,1.000000000000000000e+00
3.000000000000000000e+00,3.000000000000000000e+01,3.750000000000000000e+02,4.460000000000000000e+02,4.100000000000000000e+01,1.040000000000000000e+02,0.000000000000000000e+00,7.000000000000000000e+00,1.000000000000000000e+00
4.000000000000000000e+00,3.000000000000000000e+01,3.750000000000000000e+02,4.460000000000000000e+02,4.100000000000000000e+01,1.040000000000000000e+02,0.000000000000000000e+00,7.000000000000000000e+00,1.000000000000000000e+00
1.000000000000000000e+00,3.100000000000000000e+01,4.180000000000000000e+02,4.590000000000000000e+02,4.000000000000000000e+01,8.400000000000000000e+01,1.000000000000000000e+00,1.000000000000000000e+00,5.853699999999999459e-01
2.000000000000000000e+00,3.100000000000000000e+01,4.180000000000000000e+02,4.590000000000000000e+02,4.000000000000000000e+01,8.400000000000000000e+01,1.000000000000000000e+00,1.000000000000000000e+00,5.853699999999999459e-01
3.000000000000000000e+00,3.100000000000000000e+01,4.180000000000000000e+02,4.590000000000000000e+02,4.000000000000000000e+01,8.400000000000000000e+01,1.000000000000000000e+00,1.000000000000000000e+00,5.853699999999999459e-01
4.000000000000000000e+00,3.100000000000000000e+01,4.180000000000000000e+02,4.590000000000000000e+02,4.000000000000000000e+01,8.400000000000000000e+01,1.000000000000000000e+00,1.000000000000000000e+00,5.853699999999999459e-01
1.000000000000000000e+00,3.600000000000000000e+01,5.820000000000000000e+02,4.560000000000000000e+02,3.500000000000000000e+01,1.330000000000000000e+02,1.000000000000000000e+00,1.000000000000000000e+00,1.111100000000000004e-01
2.000000000000000000e+00,3.600000000000000000e+01,5.820000000000000000e+02,4.550000000000000000e+02,3.400000000000000000e+01,1.340000000000000000e+02,1.000000000000000000e+00,1.000000000000000000e+00,1.142900000000000027e-01
3.000000000000000000e+00,3.600000000000000000e+01,5.820000000000000000e+02,4.550000000000000000e+02,3.400000000000000000e+01,1.340000000000000000e+02,1.000000000000000000e+00,1.000000000000000000e+00,1.142900000000000027e-01
4.000000000000000000e+00,3.600000000000000000e+01,5.820000000000000000e+02,4.550000000000000000e+02,3.400000000000000000e+01,1.340000000000000000e+02,1.000000000000000000e+00,1.000000000000000000e+00,1.142900000000000027e-01
1.000000000000000000e+00,3.900000000000000000e+01,9.720000000000000000e+02,4.560000000000000000e+02,3.200000000000000000e+01,7.700000000000000000e+01,1.000000000000000000e+00,1.000000000000000000e+00,2.937100000000000266e-01
2.000000000000000000e+00,3.900000000000000000e+01,9.720000000000000000e+02,4.560000000000000000e+02,3.200000000000000000e+01,7.700000000000000000e+01,1.000000000000000000e+00,1.000000000000000000e+00,3.045800000000000174e-01
3.000000000000000000e+00,3.900000000000000000e+01,9.730000000000000000e+02,4.560000000000000000e+02,3.200000000000000000e+01,7.700000000000000000e+01,1.000000000000000000e+00,1.000000000000000000e+00,3.154600000000000182e-01
4.000000000000000000e+00,3.900000000000000000e+01,9.740000000000000000e+02,4.560000000000000000e+02,3.200000000000000000e+01,7.700000000000000000e+01,1.000000000000000000e+00,1.000000000000000000e+00,3.263400000000000190e-01
1.000000000000000000e+00,4.600000000000000000e+01,6.930000000000000000e+02,4.620000000000000000e+02,2.000000000000000000e+01,6.700000000000000000e+01,0.000000000000000000e+00,7.000000000000000000e+00,3.263300000000000090e-01
2.000000000000000000e+00,4.600000000000000000e+01,6.930000000000000000e+02,4.620000000000000000e+02,2.100000000000000000e+01,6.700000000000000000e+01,0.000000000000000000e+00,7.000000000000000000e+00,2.907799999999999829e-01
3.000000000000000000e+00,4.600000000000000000e+01,6.940000000000000000e+02,4.620000000000000000e+02,2.100000000000000000e+01,6.700000000000000000e+01,0.000000000000000000e+00,7.000000000000000000e+00,2.807499999999999996e-01
4.000000000000000000e+00,4.600000000000000000e+01,6.940000000000000000e+02,4.620000000000000000e+02,2.300000000000000000e+01,6.700000000000000000e+01,0.000000000000000000e+00,7.000000000000000000e+00,2.573500000000000232e-01
1.000000000000000000e+00,4.700000000000000000e+01,7.130000000000000000e+02,4.780000000000000000e+02,1.900000000000000000e+01,5.700000000000000000e+01,0.000000000000000000e+00,7.000000000000000000e+00,2.413800000000000112e-01
2.000000000000000000e+00,4.700000000000000000e+01,7.120000000000000000e+02,4.770000000000000000e+02,2.000000000000000000e+01,5.700000000000000000e+01,0.000000000000000000e+00,7.000000000000000000e+00,2.725799999999999890e-01
3.000000000000000000e+00,4.700000000000000000e+01,7.120000000000000000e+02,4.770000000000000000e+02,2.000000000000000000e+01,5.700000000000000000e+01,0.000000000000000000e+00,7.000000000000000000e+00,2.725799999999999890e-01
4.000000000000000000e+00,4.700000000000000000e+01,7.120000000000000000e+02,4.770000000000000000e+02,2.000000000000000000e+01,5.700000000000000000e+01,0.000000000000000000e+00,7.000000000000000000e+00,2.545200000000000240e-01
1.000000000000000000e+00,5.000000000000000000e+01,7.340000000000000000e+02,5.050000000000000000e+02,3.100000000000000000e+01,4.400000000000000000e+01,0.000000000000000000e+00,4.000000000000000000e+00,5.555599999999999948e-03
2.000000000000000000e+00,5.000000000000000000e+01,7.330000000000000000e+02,5.040000000000000000e+02,3.100000000000000000e+01,4.500000000000000000e+01,0.000000000000000000e+00,4.000000000000000000e+00,3.396699999999999893e-03
3.000000000000000000e+00,5.000000000000000000e+01,7.330000000000000000e+02,5.040000000000000000e+02,3.100000000000000000e+01,4.500000000000000000e+01,0.000000000000000000e+00,4.000000000000000000e+00,3.396699999999999893e-03
4.000000000000000000e+00,5.000000000000000000e+01,7.330000000000000000e+02,5.040000000000000000e+02,3.100000000000000000e+01,4.500000000000000000e+01,0.000000000000000000e+00,4.000000000000000000e+00,3.396699999999999893e-03
1.000000000000000000e+00,5.100000000000000000e+01,9.110000000000000000e+02,4.080000000000000000e+02,2.600000000000000000e+01,1.290000000000000000e+02,0.000000000000000000e+00,9.000000000000000000e+00,5.589699999999999669e-01
2.000000000000000000e+00,5.100000000000000000e+01,9.100000000000000000e+02,4.080000000000000000e+02,2.600000000000000000e+01,1.290000000000000000e+02,0.000000000000000000e+00,9.000000000000000000e+00,5.735000000000000098e-01
3.000000000000000000e+00,5.100000000000000000e+01,9.100000000000000000e+02,4.080000000000000000e+02,2.600000000000000000e+01,1.290000000000000000e+02,0.000000000000000000e+00,9.000000000000000000e+00,5.735000000000000098e-01
4.000000000000000000e+00,5.100000000000000000e+01,9.100000000000000000e+02,4.080000000000000000e+02,2.600000000000000000e+01,1.290000000000000000e+02,0.000000000000000000e+00,9.000000000000000000e+00,5.735000000000000098e-01
1.000000000000000000e+00,5.200000000000000000e+01,7.300000000000000000e+02,5.090000000000000000e+02,3.700000000000000000e+01,6.000000000000000000e+01,0.000000000000000000e+00,4.000000000000000000e+00,9.210500000000000353e-01
2.000000000000000000e+00,5.200000000000000000e+01,7.300000000000000000e+02,5.090000000000000000e+02,3.700000000000000000e+01,6.000000000000000000e+01,0.000000000000000000e+00,4.000000000000000000e+00,9.473700000000000454e-01
3.000000000000000000e+00,5.200000000000000000e+01,7.300000000000000000e+02,5.090000000000000000e+02,3.700000000000000000e+01,6.100000000000000000e+01,0.000000000000000000e+00,4.000000000000000000e+00,9.473700000000000454e-01
4.000000000000000000e+00,5.200000000000000000e+01,7.300000000000000000e+02,5.090000000000000000e+02,3.700000000000000000e+01,6.200000000000000000e+01,0.000000000000000000e+00,4.000000000000000000e+00,9.473700000000000454e-01
1.000000000000000000e+00,5.300000000000000000e+01,6.790000000000000000e+02,5.280000000000000000e+02,4.600000000000000000e+01,7.900000000000000000e+01,0.000000000000000000e+00,4.000000000000000000e+00,5.957400000000000473e-01
2.000000000000000000e+00,5.300000000000000000e+01,6.790000000000000000e+02,5.280000000000000000e+02,4.600000000000000000e+01,7.900000000000000000e+01,0.000000000000000000e+00,4.000000000000000000e+00,5.957400000000000473e-01
3.000000000000000000e+00,5.300000000000000000e+01,6.790000000000000000e+02,5.280000000000000000e+02,4.600000000000000000e+01,7.900000000000000000e+01,0.000000000000000000e+00,4.000000000000000000e+00,5.744700000000000362e-01
4.000000000000000000e+00,5.300000000000000000e+01,6.790000000000000000e+02,5.280000000000000000e+02,4.600000000000000000e+01,7.900000000000000000e+01,0.000000000000000000e+00,4.000000000000000000e+00,5.744700000000000362e-01
1.000000000000000000e+00,6.600000000000000000e+01,1.004000000000000000e+03,4.540000000000000000e+02,1.800000000000000000e+01,6.100000000000000000e+01,0.000000000000000000e+00,7.000000000000000000e+00,4.448199999999999932e-01
2.000000000000000000e+00,6.600000000000000000e+01,1.003000000000000000e+03,4.530000000000000000e+02,1.800000000000000000e+01,6.100000000000000000e+01,0.000000000000000000e+00,7.000000000000000000e+00,3.998300000000000187e-01
3.000000000000000000e+00,6.600000000000000000e+01,1.003000000000000000e+03,4.530000000000000000e+02,1.800000000000000000e+01,6.100000000000000000e+01,0.000000000000000000e+00,7.000000000000000000e+00,3.760600000000000054e-01
4.000000000000000000e+00,6.600000000000000000e+01,1.003000000000000000e+03,4.530000000000000000e+02,1.800000000000000000e+01,6.100000000000000000e+01,0.000000000000000000e+00,7.000000000000000000e+00,3.522899999999999920e-01
1.000000000000000000e+00,6.800000000000000000e+01,5.780000000000000000e+02,4.320000000000000000e+02,2.000000000000000000e+01,4.300000000000000000e+01,1.000000000000000000e+00,1.000000000000000000e+00,4.577899999999999747e-01
2.000000000000000000e+00,6.800000000000000000e+01,5.780000000000000000e+02,4.310000000000000000e+02,2.000000000000000000e+01,4.300000000000000000e+01,1.000000000000000000e+00,1.000000000000000000e+00,4.577899999999999747e-01
3.000000000000000000e+00,6.800000000000000000e+01,5.780000000000000000e+02,4.310000000000000000e+02,2.000000000000000000e+01,4.300000000000000000e+01,1.000000000000000000e+00,1.000000000000000000e+00,4.577899999999999747e-01
4.000000000000000000e+00,6.800000000000000000e+01,5.780000000000000000e+02,4.310000000000000000e+02,2.000000000000000000e+01,4.300000000000000000e+01,1.000000000000000000e+00,1.000000000000000000e+00,4.577899999999999747e-01
1.000000000000000000e+00,6.900000000000000000e+01,5.960000000000000000e+02,4.290000000000000000e+02,1.800000000000000000e+01,4.200000000000000000e+01,1.000000000000000000e+00,1.000000000000000000e+00,3.635300000000000198e-01
2.000000000000000000e+00,6.900000000000000000e+01,5.950000000000000000e+02,4.280000000000000000e+02,1.800000000000000000e+01,4.200000000000000000e+01,1.000000000000000000e+00,1.000000000000000000e+00,3.451699999999999768e-01
3.000000000000000000e+00,6.900000000000000000e+01,5.950000000000000000e+02,4.280000000000000000e+02,1.800000000000000000e+01,4.200000000000000000e+01,1.000000000000000000e+00,1.000000000000000000e+00,3.451699999999999768e-01
4.000000000000000000e+00,6.900000000000000000e+01,5.950000000000000000e+02,4.280000000000000000e+02,1.800000000000000000e+01,4.200000000000000000e+01,1.000000000000000000e+00,1.000000000000000000e+00,3.451699999999999768e-01
1.000000000000000000e+00,7.000000000000000000e+01,1.036000000000000000e+03,4.530000000000000000e+02,2.500000000000000000e+01,6.700000000000000000e+01,1.000000000000000000e+00,1.000000000000000000e+00,8.766999999999999793e-02
2.000000000000000000e+00,7.000000000000000000e+01,1.035000000000000000e+03,4.520000000000000000e+02,2.500000000000000000e+01,6.700000000000000000e+01,1.000000000000000000e+00,1.000000000000000000e+00,8.766999999999999793e-02
3.000000000000000000e+00,7.000000000000000000e+01,1.035000000000000000e+03,4.520000000000000000e+02,2.500000000000000000e+01,6.700000000000000000e+01,1.000000000000000000e+00,1.000000000000000000e+00,8.766999999999999793e-02
4.000000000000000000e+00,7.000000000000000000e+01,1.035000000000000000e+03,4.520000000000000000e+02,2.500000000000000000e+01,6.700000000000000000e+01,1.000000000000000000e+00,1.000000000000000000e+00,8.766999999999999793e-02
1.000000000000000000e+00,7.200000000000000000e+01,6.630000000000000000e+02,4.510000000000000000e+02,3.400000000000000000e+01,8.600000000000000000e+01,1.000000000000000000e+00,1.000000000000000000e+00,5.976999999999999674e-02
2.000000000000000000e+00,7.200000000000000000e+01,6.640000000000000000e+02,4.510000000000000000e+02,3.400000000000000000e+01,8.500000000000000000e+01,1.000000000000000000e+00,1.000000000000000000e+00,7.408599999999999908e-02
3.000000000000000000e+00,7.200000000000000000e+01,6.650000000000000000e+02,4.510000000000000000e+02,3.400000000000000000e+01,8.500000000000000000e+01,1.000000000000000000e+00,1.000000000000000000e+00,7.641199999999999382e-02
4.000000000000000000e+00,7.200000000000000000e+01,6.660000000000000000e+02,4.510000000000000000e+02,3.400000000000000000e+01,8.500000000000000000e+01,1.000000000000000000e+00,1.000000000000000000e+00,9.003300000000000192e-02
